644.0
1719.0
252.0
732.0
1186.0
164.0
398.0
496.0
899.0
548.0
563.0
55.0
1603.0
828.0
385.0
991.0
410.0
2663.0
2509.0
621.0
1453.0
1212.0
3584.0
2649.0
1869.0
731.0
1596.0
254.0
2926.0
1462.0
2256.0
68.0
1398.0
590.0
2535.0
111.0
507.0
1293.0
1309.0
714.0
1608.0
390.0
543.0
361.0
1443.0
2557.0
1134.0
365.0
848.0
443.0
1966.0
169.0
778.0
1827.0
501.0
49.0
799.0
1294.0
1658.0
1788.0
948.0
502.0
752.0
1049.0
2710.0
163.0
624.0
1362.0
1166.0
1896.0
2174.0
816.0
1540.0
1041.0
4036.0
3057.0
103.0
2575.0
255.0
428.0
1206.0
1247.0
65.0
829.0
2736.0
1489.0
11.0
1750.0
56.0
1822.0
2815.0
1569.0
1594.0
740.0
502.0
548.0
165.0
979.0
1077.0
1642.0
368.0
785.0
418.0
36.0
1210.0
1567.0
2039.0
2953.0
888.0
242.0
530.0
389.0
2611.0
3017.0
1062.0
272.0
854.0
412.0
1965.0
1252.0
2055.0
3011.0
130.0
996.0
2861.0
32.0
5.0
1998.0
1775.0
1290.0
492.0
2010.0
1439.0
3740.0
1028.0
2941.0
244.0
2212.0
827.0
548.0
142.0
1397.0
489.0
763.0
3408.0
660.0
642.0
2760.0
395.0
449.0
2316.0
2465.0
3074.0
1546.0
1320.0
10.0
840.0
1190.0
1967.0
1454.0
2396.0
1035.0
1848.0
1070.0
253.0
2089.0
528.0
3404.0
1760.0
569.0
68.0
2763.0
2920.0
1657.0
92.0
431.0
1568.0
199.0
1243.0
1509.0
352.0
1460.0
388.0
558.0
2757.0
2462.0
136.0
2879.0
754.0
2944.0
1438.0
2043.0
2452.0
1327.0
359.0
440.0
427.0
1764.0
189.0
423.0
3347.0
938.0
1281.0
658.0
1247.0
525.0
1654.0
611.0
845.0
1809.0
101.0
2794.0
658.0
1661.0
1320.0
1461.0
533.0
2087.0
2513.0
786.0
1650.0
1874.0
2511.0
892.0
1568.0
287.0
285.0
2107.0
1589.0
2919.0
1946.0
1803.0
914.0
1728.0
2423.0
2649.0
687.0
800.0
228.0
3363.0
769.0
647.0
332.0
3080.0
341.0
1544.0
2536.0
595.0
531.0
605.0
268.0
1163.0
2081.0
2434.0
3323.0
1203.0
2170.0
984.0
285.0
1320.0
3816.0
1652.0
1870.0
470.0
1171.0
3120.0
1638.0
500.0
219.0
1346.0
1188.0
229.0
3234.0
713.0
591.0
100.0
1477.0
1717.0
3711.0
602.0
768.0
2432.0
665.0
593.0
2308.0
2035.0
3185.0
649.0
234.0
2394.0
1803.0
1497.0
808.0
1001.0
1063.0
2845.0
1438.0
2662.0
1020.0
367.0
343.0
1183.0
968.0
909.0
3063.0
566.0
388.0
1205.0
564.0
1033.0
489.0
2959.0
4019.0
783.0
1596.0
906.0
2022.0
1236.0
1615.0
1794.0
2171.0
925.0
1834.0
2501.0
17.0
1693.0
491.0
2017.0
1128.0
3235.0
852.0
3416.0
870.0
3667.0
155.0
598.0
1334.0
1667.0
3257.0
2255.0
1996.0
111.0
621.0
2904.0
201.0
2306.0
2948.0
376.0
2287.0
971.0
1568.0
631.0
835.0
268.0
1014.0
150.0
345.0
2006.0
199.0
2233.0
803.0
274.0
0.0
1968.0
991.0
2281.0
2767.0
1643.0
201.0
534.0
875.0
811.0
1950.0
184.0
1772.0
899.0
109.0
1367.0
695.0
1001.0
3496.0
797.0
2545.0
871.0
1403.0
1808.0
2381.0
1928.0
2947.0
516.0
403.0
627.0
3019.0
1191.0
1040.0
964.0
944.0
3411.0
553.0
3215.0
366.0
945.0
1637.0
1445.0
1535.0
40.0
168.0
1256.0
1913.0
3458.0
853.0
432.0
95.0
30.0
1010.0
97.0
1213.0
3675.0
1721.0
971.0
86.0
625.0
3328.0
1585.0
2475.0
540.0
445.0
1105.0
751.0
1031.0
667.0
847.0
548.0
3382.0
697.0
1283.0
2610.0
1454.0
1491.0
3902.0
415.0
1578.0
3317.0
1243.0
633.0
3600.0
2185.0
526.0
1054.0
802.0
1887.0
2021.0
993.0
1720.0
402.0
2991.0
42.0
3046.0
583.0
2278.0
1113.0
3799.0
1500.0
2972.0
1681.0
44.0
3166.0
785.0
3369.0
533.0
1380.0
735.0
476.0
213.0
2520.0
1647.0
160.0
2772.0
3183.0
2296.0
2602.0
2589.0
968.0
1201.0
2385.0
20.0
2227.0
275.0
327.0
58.0
489.0
384.0
2710.0
183.0
1212.0
899.0
2055.0
1305.0
1704.0
2153.0
577.0
1507.0
754.0
483.0
900.0
3312.0
3310.0
765.0
1154.0
1566.0
781.0
1327.0
74.0
1115.0
1400.0
742.0
2058.0
575.0
2884.0
1883.0
3811.0
1812.0
261.0
724.0
2351.0
2317.0
1684.0
1016.0
224.0
2391.0
2645.0
2100.0
2797.0
991.0
1148.0
1655.0
798.0
204.0
824.0
1460.0
358.0
2357.0
387.0
1206.0
1063.0
162.0
1439.0
604.0
1483.0
3724.0
892.0
733.0
61.0
808.0
389.0
412.0
1698.0
1611.0
1854.0
931.0
2489.0
276.0
1022.0
242.0
2074.0
472.0
3374.0
1284.0
202.0
387.0
1255.0
1408.0
1913.0
58.0
1034.0
1519.0
223.0
380.0
311.0
3382.0
489.0
546.0
1305.0
382.0
699.0
3583.0
304.0
557.0
3288.0
3634.0
855.0
1642.0
1312.0
176.0
3382.0
439.0
413.0
2408.0
638.0
2003.0
357.0
802.0
3354.0
252.0
863.0
601.0
2067.0
653.0
1916.0
1588.0
84.0
1761.0
766.0
2514.0
2654.0
715.0
2215.0
2083.0
703.0
1479.0
7.0
1320.0
762.0
379.0
236.0
2709.0
1544.0
1596.0
1391.0
933.0
129.0
1537.0
1312.0
1036.0
39.0
3266.0
1615.0
1338.0
1705.0
581.0
1638.0
905.0
825.0
16.0
2475.0
497.0
836.0
529.0
446.0
2262.0
225.0
1282.0
550.0
56.0
396.0
1.0
1569.0
1647.0
563.0
1369.0
2385.0
1857.0
2998.0
65.0
786.0
872.0
912.0
2449.0
1824.0
1233.0
1712.0
1934.0
509.0
260.0
229.0
749.0
2095.0
445.0
1266.0
1521.0
1423.0
3161.0
1624.0
2630.0
793.0
1062.0
38.0
2405.0
3244.0
539.0
3141.0
395.0
3317.0
2122.0
648.0
2106.0
182.0
142.0
39.0
1034.0
1638.0
2751.0
2445.0
82.0
3423.0
3137.0
462.0
2738.0
281.0
170.0
1422.0
1173.0
2624.0
941.0
1884.0
324.0
552.0
1621.0
2108.0
713.0
34.0
3451.0
878.0
2418.0
3918.0
58.0
701.0
293.0
660.0
769.0
4023.0
1817.0
1348.0
263.0
1254.0
1949.0
1998.0
695.0
136.0
659.0
969.0
3470.0
3855.0
395.0
970.0
642.0
1189.0
1281.0
2976.0
843.0
3396.0
972.0
579.0
1303.0
3473.0
1741.0
1323.0
295.0
1121.0
1639.0
478.0
464.0
173.0
2906.0
2396.0
2382.0
1618.0
1047.0
1313.0
284.0
2419.0
2715.0
307.0
989.0
983.0
3137.0
1383.0
400.0
702.0
2089.0
586.0
156.0
2954.0
415.0
1856.0
504.0
1467.0
293.0
381.0
1241.0
259.0
1743.0
1856.0
562.0
421.0
72.0
1133.0
974.0
2575.0
1262.0
74.0
164.0
968.0
817.0
844.0
3612.0
1572.0
2932.0
166.0
2773.0
943.0
704.0
321.0
734.0
1115.0
1224.0
446.0
1270.0
726.0
2288.0
86.0
661.0
1506.0
740.0
1050.0
413.0
1798.0
522.0
1164.0
1037.0
1123.0
984.0
1558.0
3647.0
2106.0
2056.0
1516.0
2130.0
505.0
400.0
1366.0
272.0
2560.0
1668.0
3226.0
413.0
862.0
3078.0
551.0
218.0
499.0
212.0
1670.0
2856.0
2293.0
1686.0
712.0
532.0
3751.0
502.0
2284.0
205.0
3570.0
634.0
2376.0
1298.0
399.0
390.0
722.0
282.0
1568.0
1273.0
143.0
1503.0
737.0
16.0
1563.0
1661.0
3916.0
3008.0
152.0
493.0
1106.0
117.0
2224.0
1216.0
1170.0
43.0
1545.0
2091.0
52.0
407.0
1787.0
2316.0
548.0
556.0
1868.0
1536.0
922.0
2663.0
567.0
982.0
190.0
1187.0
2961.0
3995.0
1653.0
2053.0
337.0
3297.0
3509.0
2256.0
1463.0
1267.0
947.0
42.0
693.0
732.0
2302.0
46.0
1474.0
903.0
3295.0
3498.0
249.0
519.0
2679.0
1956.0
3221.0
3527.0
141.0
404.0
2733.0
1537.0
2540.0
2213.0
106.0
453.0
3120.0
3731.0
2840.0
1016.0
2665.0
737.0
2435.0
1424.0
3043.0
51.0
644.0
239.0
2045.0
2831.0
875.0
410.0
1681.0
2280.0
568.0
2158.0
1719.0
2036.0
1798.0
958.0
1406.0
1383.0
1673.0
401.0
157.0
211.0
2686.0
764.0
40.0
801.0
2780.0
2322.0
690.0
838.0
1094.0
1729.0
143.0
2855.0
856.0
2574.0
2493.0
2038.0
2833.0
123.0
1583.0
1039.0
2306.0
809.0
3109.0
178.0
1856.0
3036.0
1153.0
561.0
2632.0
1224.0
3006.0
335.0
2900.0
1309.0
925.0
497.0
11.0
143.0
544.0
205.0
2205.0
480.0
85.0
347.0
2014.0
456.0
116.0
1739.0
270.0
1085.0
77.0
510.0
588.0
1432.0
1135.0
889.0
1618.0
554.0
1140.0
3001.0
1826.0
827.0
786.0
598.0
2103.0
1984.0
929.0
1333.0
2376.0
343.0
2178.0
87.0
322.0
2467.0
1567.0
3363.0
3695.0
1287.0
692.0
2430.0
795.0
1472.0
1599.0
661.0
870.0
783.0
1161.0
2516.0
3476.0
3293.0
1768.0
622.0
1720.0
718.0
983.0
735.0
1904.0
3280.0
963.0
146.0
1450.0
1873.0
1549.0
4007.0
824.0
2124.0
2825.0
1701.0
2360.0
1349.0
40.0
2349.0
444.0
34.0
1372.0
66.0
1995.0
3147.0
2027.0
2667.0
2274.0
196.0
2103.0
395.0
2695.0
1171.0
1291.0
2780.0
933.0
2464.0
396.0
192.0
1265.0
1685.0
763.0
1246.0
675.0
458.0
958.0
606.0
2084.0
473.0
282.0
555.0
2753.0
2899.0
217.0
2999.0
1786.0
2738.0
2569.0
1914.0
2095.0
2049.0
218.0
2747.0
3112.0
1722.0
2148.0
316.0
1454.0
2639.0
506.0
2864.0
2.0
622.0
859.0
1269.0
79.0
3534.0
170.0
1534.0
475.0
1696.0
500.0
1009.0
382.0
323.0
572.0
816.0
2328.0
32.0
2026.0
441.0
3114.0
259.0
179.0
725.0
1715.0
905.0
259.0
611.0
554.0
1755.0
1872.0
983.0
1645.0
579.0
1492.0
353.0
1673.0
706.0
1882.0
661.0
3261.0
2619.0
1252.0
3226.0
2181.0
1194.0
40.0
2783.0
231.0
563.0
144.0
1418.0
649.0
3268.0
1565.0
418.0
1007.0
1383.0
2573.0
324.0
1837.0
1071.0
2685.0
1355.0
1978.0
492.0
1117.0
2621.0
1215.0
2283.0
356.0
3068.0
850.0
2573.0
2614.0
1604.0
2822.0
1375.0
1201.0
204.0
1122.0
276.0
221.0
1578.0
908.0
4039.0
213.0
3736.0
1122.0
2727.0
994.0
2071.0
1617.0
145.0
3300.0
1408.0
662.0
2422.0
2186.0
3309.0
1771.0
1960.0
3677.0
601.0
1964.0
928.0
808.0
2474.0
8.0
1099.0
3011.0
1349.0
1932.0
2577.0
531.0
977.0
1864.0
1427.0
2983.0
466.0
902.0
1083.0
1542.0
599.0
1895.0
1613.0
1014.0
948.0
2134.0
1118.0
1050.0
616.0
33.0
1198.0
1006.0
1953.0
297.0
323.0
983.0
1386.0
2033.0
2630.0
63.0
2226.0
28.0
139.0
1408.0
2188.0
2074.0
1717.0
1498.0
1709.0
706.0
2296.0
487.0
3518.0
975.0
2955.0
199.0
1548.0
2682.0
2048.0
2357.0
2582.0
1747.0
3363.0
953.0
1229.0
1637.0
674.0
493.0
934.0
1504.0
1004.0
2590.0
53.0
1288.0
1529.0
315.0
211.0
816.0
534.0
92.0
2741.0
2946.0
1684.0
1005.0
3611.0
1615.0
492.0
1138.0
650.0
603.0
1012.0
728.0
787.0
365.0
2187.0
2330.0
1428.0
1369.0
1075.0
2596.0
2284.0
1743.0
934.0
856.0
221.0
489.0
1338.0
1413.0
920.0
480.0
759.0
1905.0
412.0
1052.0
914.0
1314.0
47.0
115.0
3136.0
717.0
488.0
1618.0
342.0
2381.0
627.0
1595.0
1151.0
62.0
3437.0
412.0
2066.0
59.0
390.0
248.0
3208.0
3628.0
1379.0
1112.0
2577.0
47.0
2934.0
2702.0
1646.0
273.0
3605.0
791.0
1326.0
1318.0
235.0
2504.0
1873.0
1538.0
1436.0
1835.0
3026.0
2207.0
2687.0
1523.0
2290.0
1396.0
2279.0
2376.0
1071.0
3949.0
2056.0
860.0
699.0
2194.0
2670.0
1934.0
498.0
1598.0
2425.0
327.0
1123.0
1465.0
1137.0
3121.0
2929.0
1611.0
779.0
167.0
3224.0
747.0
2626.0
473.0
1236.0
3019.0
1314.0
1525.0
792.0
3635.0
976.0
276.0
538.0
1122.0
633.0
3597.0
845.0
1476.0
2021.0
756.0
3129.0
1809.0
1644.0
2114.0
3779.0
2522.0
883.0
2865.0
990.0
2143.0
2489.0
43.0
2582.0
3519.0
817.0
1798.0
1474.0
276.0
726.0
1442.0
3467.0
2997.0
1245.0
1982.0
510.0
1687.0
1243.0
558.0
451.0
2389.0
555.0
372.0
1488.0
571.0
1878.0
2085.0
352.0
77.0
295.0
2844.0
2305.0
2444.0
1076.0
2562.0
1182.0
2980.0
1248.0
1725.0
1691.0
633.0
2370.0
171.0
458.0
608.0
166.0
741.0
2767.0
119.0
220.0
502.0
653.0
2074.0
1191.0
1648.0
280.0
1000.0
445.0
2312.0
1621.0
3397.0
334.0
3148.0
3446.0
719.0
389.0
1623.0
1011.0
1374.0
1620.0
3554.0
609.0
1485.0
1743.0
2793.0
2258.0
598.0
229.0
536.0
383.0
762.0
421.0
2050.0
910.0
2810.0
51.0
1003.0
3453.0
1021.0
295.0
886.0
167.0
177.0
1876.0
1895.0
1178.0
639.0
617.0
3224.0
2801.0
1574.0
978.0
1997.0
2847.0
2955.0
3029.0
3643.0
356.0
1076.0
468.0
724.0
3753.0
664.0
216.0
3279.0
588.0
1255.0
287.0
2910.0
531.0
2159.0
3607.0
1020.0
1964.0
796.0
610.0
1736.0
3070.0
2478.0
276.0
818.0
3327.0
1352.0
3308.0
994.0
1425.0
831.0
2757.0
3437.0
337.0
515.0
2548.0
1124.0
384.0
2221.0
317.0
562.0
2063.0
2309.0
1733.0
1779.0
2539.0
2385.0
772.0
2246.0
2703.0
190.0
371.0
1992.0
2175.0
32.0
1116.0
2193.0
2705.0
1496.0
1503.0
268.0
471.0
362.0
1644.0
1546.0
451.0
1329.0
1066.0
349.0
2346.0
1807.0
965.0
762.0
1784.0
1541.0
176.0
1706.0
1635.0
1067.0
1921.0
3030.0
97.0
671.0
1376.0
1527.0
2964.0
2367.0
2343.0
218.0
96.0
1490.0
976.0
876.0
1086.0
876.0
2889.0
1347.0
2150.0
2392.0
501.0
1825.0
288.0
1486.0
1806.0
568.0
1765.0
487.0
70.0
1904.0
1077.0
214.0
2345.0
2202.0
3837.0
1477.0
120.0
410.0
1779.0
663.0
1758.0
920.0
110.0
2845.0
1160.0
1585.0
1151.0
2545.0
1670.0
1452.0
635.0
76.0
85.0
702.0
1650.0
2905.0
320.0
236.0
1256.0
105.0
287.0
2291.0
593.0
1262.0
1217.0
2681.0
616.0
214.0
837.0
19.0
3119.0
1862.0
357.0
754.0
2064.0
593.0
2026.0
1366.0
207.0
1820.0
352.0
1639.0
2223.0
1509.0
185.0
1089.0
308.0
525.0
929.0
800.0
3155.0
792.0
441.0
3441.0
522.0
2524.0
659.0
895.0
1020.0
57.0
577.0
1278.0
468.0
1204.0
2124.0
1188.0
970.0
2157.0
2127.0
1478.0
96.0
1316.0
248.0
553.0
580.0
1445.0
1983.0
1333.0
938.0
77.0
197.0
821.0
1803.0
1293.0
1827.0
1631.0
3865.0
428.0
2330.0
1053.0
112.0
834.0
1319.0
1130.0
1575.0
1083.0
209.0
3285.0
1496.0
3189.0
897.0
2525.0
1701.0
1537.0
778.0
1490.0
998.0
2179.0
626.0
923.0
480.0
549.0
170.0
622.0
2822.0
1256.0
483.0
2500.0
2440.0
744.0
1686.0
1183.0
1496.0
207.0
2134.0
2086.0
1182.0
833.0
293.0
81.0
1099.0
811.0
404.0
229.0
2305.0
630.0
1307.0
1436.0
1482.0
449.0
862.0
1107.0
807.0
527.0
396.0
1287.0
197.0
836.0
83.0
2411.0
898.0
2300.0
861.0
1395.0
1246.0
2335.0
1443.0
2523.0
2748.0
808.0
1945.0
1112.0
2411.0
1676.0
902.0
837.0
3636.0
1047.0
2864.0
2772.0
2435.0
1508.0
945.0
1408.0
2238.0
1208.0
1239.0
369.0
2741.0
861.0
2950.0
598.0
541.0
998.0
3331.0
95.0
1686.0
964.0
2304.0
3187.0
565.0
1492.0
1601.0
944.0
2923.0
976.0
3683.0
496.0
3036.0
827.0
1463.0
284.0
1090.0
421.0
3791.0
323.0
243.0
1236.0
1.0
236.0
331.0
3637.0
1502.0
223.0
679.0
924.0
2212.0
1782.0
609.0
2565.0
1919.0
746.0
333.0
2487.0
2943.0
2406.0
2565.0
3768.0
811.0
2250.0
827.0
419.0
2380.0
814.0
3071.0
2365.0
1145.0
2959.0
2232.0
2143.0
3053.0
3268.0
3186.0
668.0
429.0
226.0
3654.0
119.0
205.0
68.0
3671.0
2002.0
147.0
3355.0
1514.0
2350.0
341.0
1388.0
2713.0
958.0
2304.0
518.0
1008.0
3337.0
291.0
860.0
1558.0
777.0
495.0
3185.0
300.0
3247.0
1717.0
149.0
1809.0
2820.0
403.0
944.0
2252.0
1422.0
3969.0
1058.0
33.0
594.0
1382.0
1524.0
633.0
1113.0
737.0
274.0
231.0
1841.0
631.0
538.0
828.0
1649.0
1677.0
1458.0
1667.0
1824.0
46.0
2024.0
20.0
24.0
213.0
18.0
524.0
2299.0
2001.0
3252.0
2097.0
895.0
1837.0
519.0
826.0
2623.0
640.0
1261.0
568.0
90.0
882.0
131.0
4.0
2870.0
407.0
808.0
1831.0
1164.0
401.0
148.0
32.0
1314.0
2124.0
691.0
30.0
1225.0
494.0
603.0
1845.0
1756.0
891.0
42.0
513.0
1644.0
388.0
649.0
1452.0
1320.0
2709.0
3996.0
1785.0
763.0
804.0
3607.0
739.0
1117.0
1050.0
3812.0
190.0
2120.0
2123.0
1266.0
333.0
450.0
1547.0
1712.0
1456.0
1185.0
2136.0
1582.0
3393.0
1741.0
710.0
1902.0
471.0
34.0
1585.0
1192.0
353.0
3185.0
474.0
1612.0
1109.0
2230.0
761.0
108.0
760.0
1815.0
703.0
2161.0
1797.0
1513.0
1972.0
2815.0
317.0
3030.0
1254.0
1119.0
2718.0
2926.0
3379.0
2878.0
2347.0
1293.0
2319.0
1513.0
1846.0
1017.0
802.0
707.0
1414.0
526.0
3941.0
1603.0
62.0
1444.0
531.0
1168.0
965.0
1982.0
1598.0
3789.0
2461.0
1358.0
39.0
210.0
62.0
2664.0
1908.0
2558.0
755.0
677.0
918.0
1112.0
471.0
1304.0
1365.0
3365.0
1666.0
300.0
1332.0
719.0
1857.0
813.0
1212.0
383.0
1026.0
2433.0
286.0
68.0
3082.0
1236.0
2053.0
75.0
164.0
2948.0
2571.0
90.0
33.0
2201.0
1486.0
533.0
1351.0
1266.0
1235.0
205.0
88.0
1023.0
2691.0
1140.0
958.0
1264.0
1287.0
2082.0
727.0
2823.0
1220.0
342.0
635.0
343.0
495.0
1637.0
2206.0
1342.0
1305.0
1733.0
2082.0
524.0
2493.0
3.0
1983.0
11.0
1482.0
518.0
472.0
545.0
2949.0
726.0
798.0
752.0
316.0
504.0
2249.0
1660.0
2042.0
497.0
2385.0
702.0
140.0
512.0
319.0
2022.0
1086.0
762.0
1001.0
1408.0
2538.0
2250.0
2876.0
666.0
17.0
613.0
139.0
1003.0
643.0
209.0
257.0
1617.0
3345.0
130.0
2021.0
1964.0
953.0
481.0
118.0
865.0
2261.0
1469.0
785.0
269.0
2881.0
1893.0
1092.0
347.0
131.0
486.0
1616.0
1129.0
2522.0
181.0
623.0
1048.0
104.0
3005.0
128.0
3720.0
562.0
581.0
3060.0
368.0
2752.0
1281.0
381.0
3517.0
3243.0
338.0
117.0
1348.0
2764.0
1864.0
1687.0
634.0
1295.0
2791.0
1797.0
995.0
2327.0
2003.0
1109.0
2446.0
1257.0
651.0
3954.0
1185.0
1059.0
702.0
65.0
961.0
2716.0
602.0
652.0
2196.0
2133.0
113.0
806.0
685.0
6.0
230.0
3753.0
2612.0
2082.0
846.0
925.0
420.0
1156.0
3421.0
93.0
3053.0
412.0
1936.0
1019.0
3338.0
2752.0
2322.0
1668.0
2510.0
362.0
163.0
2535.0
660.0
3014.0
2502.0
2922.0
404.0
5.0
1271.0
1857.0
910.0
711.0
1787.0
705.0
2650.0
127.0
951.0
1465.0
643.0
3026.0
277.0
595.0
1284.0
2859.0
552.0
2633.0
1976.0
2406.0
1620.0
1134.0
766.0
802.0
445.0
1546.0
1150.0
1168.0
375.0
3200.0
1409.0
420.0
1313.0
1999.0
2587.0
1421.0
452.0
372.0
1549.0
182.0
3561.0
2373.0
1608.0
1083.0
860.0
2577.0
1890.0
990.0
474.0
440.0
1263.0
1104.0
1143.0
351.0
1237.0
361.0
19.0
41.0
616.0
2205.0
3578.0
2479.0
1268.0
245.0
435.0
744.0
1187.0
711.0
1080.0
2384.0
2427.0
68.0
915.0
2015.0
2100.0
1616.0
2547.0
3251.0
258.0
2235.0
1127.0
113.0
330.0
2837.0
590.0
1219.0
3106.0
396.0
2170.0
22.0
1482.0
48.0
3434.0
527.0
3591.0
10.0
976.0
751.0
503.0
2901.0
2445.0
2048.0
1626.0
1607.0
202.0
2087.0
769.0
1239.0
1900.0
212.0
1666.0
170.0
3469.0
3540.0
44.0
873.0
1110.0
1776.0
768.0
1495.0
1609.0
3353.0
1562.0
3415.0
1932.0
3494.0
1146.0
430.0
2254.0
263.0
236.0
33.0
2261.0
848.0
584.0
1114.0
2034.0
1898.0
2270.0
353.0
113.0
2938.0
1430.0
1038.0
1448.0
3678.0
1211.0
1640.0
160.0
749.0
399.0
20.0
505.0
1772.0
1325.0
569.0
1.0
685.0
1064.0
3252.0
12.0
1597.0
1068.0
697.0
3367.0
2461.0
462.0
671.0
2112.0
1005.0
1942.0
163.0
2171.0
1202.0
572.0
2051.0
128.0
3006.0
1009.0
1166.0
412.0
589.0
810.0
16.0
1799.0
939.0
1615.0
502.0
922.0
2718.0
3707.0
134.0
1080.0
114.0
1134.0
2719.0
1606.0
2963.0
2148.0
2542.0
1411.0
30.0
1179.0
103.0
909.0
1124.0
1255.0
719.0
455.0
665.0
1027.0
2267.0
2577.0
3265.0
294.0
2087.0
1509.0
2775.0
575.0
735.0
3042.0
238.0
494.0
1191.0
589.0
1561.0
564.0
2151.0
156.0
3057.0
18.0
281.0
131.0
2266.0
1495.0
491.0
802.0
482.0
106.0
551.0
912.0
2827.0
126.0
1281.0
1139.0
1062.0
2933.0
1864.0
140.0
964.0
3787.0
938.0
908.0
3057.0
468.0
167.0
2108.0
1352.0
1272.0
2133.0
1803.0
372.0
738.0
911.0
2207.0
226.0
2071.0
414.0
1288.0
2934.0
1190.0
400.0
2528.0
1984.0
971.0
112.0
1525.0
3007.0
4079.0
330.0
2363.0
143.0
1416.0
792.0
550.0
276.0
1787.0
1167.0
1640.0
1850.0
898.0
373.0
1411.0
106.0
2572.0
93.0
279.0
220.0
878.0
421.0
1036.0
2218.0
555.0
2020.0
3549.0
2403.0
1265.0
1123.0
1140.0
850.0
366.0
663.0
1274.0
120.0
556.0
293.0
2746.0
1352.0
1268.0
2699.0
885.0
1596.0
766.0
922.0
3282.0
338.0
2069.0
23.0
582.0
2310.0
1103.0
1605.0
166.0
1360.0
2009.0
817.0
338.0
829.0
44.0
80.0
3522.0
151.0
1149.0
2086.0
3058.0
768.0
632.0
1669.0
75.0
1150.0
34.0
436.0
517.0
2281.0
1091.0
291.0
405.0
679.0
18.0
1671.0
2235.0
1077.0
1042.0
167.0
3198.0
1948.0
757.0
1488.0
848.0
2675.0
1253.0
1815.0
3767.0
587.0
1403.0
2935.0
1816.0
829.0
1318.0
93.0
3374.0
1479.0
1410.0
1595.0
2464.0
376.0
1725.0
3343.0
3103.0
2858.0
395.0
2365.0
2698.0
2815.0
960.0
3477.0
1372.0
837.0
2637.0
406.0
696.0
2406.0
424.0
295.0
1929.0
1968.0
238.0
1722.0
329.0
1306.0
772.0
2028.0
1880.0
2383.0
30.0
1306.0
637.0
3211.0
1552.0
2126.0
123.0
1477.0
493.0
1064.0
3344.0
985.0
1844.0
2301.0
1996.0
1203.0
1728.0
491.0
254.0
565.0
2535.0
171.0
1324.0
985.0
1870.0
2544.0
1445.0
3611.0
3835.0
3690.0
2980.0
842.0
416.0
202.0
2405.0
2921.0
2712.0
1085.0
381.0
2540.0
2201.0
900.0
2096.0
543.0
1585.0
1544.0
2607.0
238.0
1090.0
3120.0
656.0
1015.0
817.0
422.0
3481.0
508.0
1031.0
6.0
665.0
1224.0
176.0
1560.0
441.0
1163.0
424.0
544.0
1351.0
588.0
1311.0
553.0
1593.0
1215.0
2340.0
2333.0
2619.0
1458.0
389.0
542.0
3409.0
2316.0
2973.0
133.0
1119.0
1247.0
755.0
2018.0
2360.0
2322.0
405.0
1857.0
1401.0
2501.0
2533.0
664.0
2114.0
419.0
1020.0
3152.0
1588.0
764.0
884.0
774.0
2408.0
417.0
2825.0
3644.0
310.0
2042.0
1405.0
3602.0
1707.0
661.0
2686.0
41.0
3.0
1406.0
324.0
342.0
832.0
141.0
2417.0
178.0
1274.0
2323.0
1671.0
1058.0
423.0
804.0
615.0
1239.0
1380.0
331.0
184.0
2768.0
1041.0
1822.0
3005.0
1624.0
2495.0
833.0
278.0
535.0
1589.0
991.0
2144.0
879.0
575.0
1193.0
688.0
1466.0
3513.0
45.0
155.0
1439.0
2807.0
1937.0
1625.0
3196.0
433.0
854.0
3086.0
103.0
1943.0
585.0
2230.0
2109.0
143.0
1001.0
749.0
572.0
737.0
200.0
127.0
515.0
3593.0
2083.0
1704.0
622.0
1839.0
273.0
1429.0
433.0
3048.0
1443.0
1049.0
332.0
59.0
700.0
209.0
1942.0
2310.0
1424.0
245.0
1417.0
706.0
2640.0
442.0
2856.0
3749.0
1584.0
407.0
296.0
2331.0
847.0
573.0
2535.0
2125.0
1275.0
982.0
3013.0
74.0
1291.0
1402.0
164.0
860.0
3671.0
712.0
1835.0
3312.0
903.0
154.0
2045.0
1144.0
2322.0
662.0
493.0
1543.0
185.0
284.0
732.0
1318.0
1194.0
104.0
330.0
687.0
169.0
772.0
1586.0
2590.0
389.0
4000.0
900.0
1428.0
1394.0
3135.0
300.0
1800.0
2004.0
1.0
3429.0
1695.0
790.0
2506.0
1280.0
470.0
2306.0
278.0
1574.0
640.0
206.0
29.0
1572.0
2660.0
709.0
1092.0
2376.0
2404.0
1570.0
2591.0
2933.0
3102.0
408.0
1734.0
775.0
460.0
2912.0
594.0
1045.0
346.0
1296.0
1527.0
400.0
158.0
1616.0
510.0
62.0
2881.0
1717.0
2518.0
3878.0
1424.0
3379.0
1173.0
1091.0
2378.0
2733.0
46.0
832.0
2791.0
1179.0
1592.0
1668.0
2824.0
2527.0
2107.0
2603.0
2631.0
901.0
389.0
686.0
1978.0
2458.0
1405.0
2303.0
1436.0
766.0
2270.0
1454.0
906.0
864.0
3362.0
465.0
509.0
789.0
1263.0
391.0
1401.0
1291.0
3840.0
1479.0
989.0
668.0
381.0
158.0
2200.0
1885.0
3281.0
1591.0
758.0
2767.0
659.0
253.0
2528.0
175.0
2299.0
195.0
223.0
264.0
3186.0
1753.0
1145.0
167.0
2337.0
2178.0
576.0
941.0
3963.0
1360.0
2000.0
804.0
50.0
3631.0
180.0
2999.0
2109.0
399.0
2172.0
1237.0
3342.0
640.0
472.0
3139.0
677.0
140.0
2006.0
556.0
1755.0
1851.0
1070.0
2315.0
463.0
187.0
671.0
2468.0
1608.0
2619.0
1183.0
1372.0
2433.0
2559.0
232.0
44.0
1034.0
366.0
2109.0
314.0
2956.0
1097.0
2226.0
2099.0
2157.0
1410.0
178.0
283.0
499.0
1833.0
2193.0
2133.0
941.0
3147.0
1696.0
95.0
1328.0
106.0
1430.0
603.0
3411.0
2757.0
1312.0
2176.0
122.0
2438.0
1362.0
709.0
5.0
1010.0
931.0
2462.0
1467.0
783.0
1100.0
2444.0
245.0
550.0
3902.0
826.0
712.0
967.0
1967.0
653.0
2939.0
1308.0
69.0
203.0
1438.0
546.0
876.0
1512.0
3970.0
1985.0
2311.0
1395.0
2478.0
1821.0
2068.0
532.0
2437.0
1036.0
1192.0
737.0
1104.0
440.0
657.0
86.0
279.0
370.0
3124.0
349.0
1388.0
151.0
2532.0
130.0
1646.0
867.0
436.0
432.0
826.0
58.0
631.0
1594.0
1191.0
1528.0
704.0
3039.0
2428.0
896.0
706.0
2035.0
1452.0
1032.0
473.0
1064.0
1374.0
3380.0
890.0
72.0
271.0
374.0
822.0
170.0
2737.0
390.0
524.0
1205.0
2398.0
1331.0
641.0
1387.0
1672.0
3472.0
773.0
2345.0
1791.0
2581.0
1249.0
3381.0
1336.0
30.0
2014.0
2295.0
3228.0
3135.0
1130.0
365.0
1393.0
49.0
720.0
1027.0
722.0
946.0
1032.0
893.0
346.0
1839.0
2519.0
1776.0
84.0
74.0
1480.0
1450.0
875.0
1266.0
2523.0
1143.0
1865.0
876.0
1950.0
2175.0
2915.0
712.0
1099.0
1162.0
1489.0
11.0
1625.0
610.0
1270.0
2272.0
1648.0
1554.0
252.0
662.0
956.0
1357.0
983.0
938.0
2344.0
3083.0
3848.0
993.0
114.0
2019.0
3039.0
728.0
1736.0
839.0
1329.0
941.0
2281.0
139.0
315.0
1714.0
3724.0
3517.0
1683.0
1488.0
711.0
1510.0
348.0
1769.0
2113.0
606.0
1321.0
244.0
779.0
2628.0
1182.0
701.0
417.0
655.0
2064.0
557.0
1048.0
1049.0
1879.0
2875.0
218.0
51.0
2563.0
3128.0
1929.0
528.0
1006.0
1101.0
1053.0
3466.0
966.0
1120.0
2627.0
2818.0
393.0
3250.0
3588.0
949.0
2380.0
263.0
3464.0
1522.0
3731.0
1953.0
3630.0
3048.0
1300.0
905.0
397.0
158.0
2412.0
1423.0
2583.0
623.0
1431.0
1682.0
1288.0
1509.0
3336.0
2063.0
735.0
797.0
3197.0
936.0
1518.0
138.0
772.0
874.0
3182.0
157.0
1607.0
2747.0
1573.0
3476.0
3830.0
3555.0
1272.0
1222.0
2451.0
2404.0
953.0
886.0
2027.0
767.0
2982.0
1232.0
2447.0
1702.0
2334.0
368.0
1634.0
1506.0
425.0
1145.0
1251.0
638.0
869.0
2039.0
962.0
1352.0
2165.0
1286.0
1251.0
1108.0
2254.0
230.0
2264.0
385.0
1013.0
1296.0
261.0
952.0
1113.0
588.0
3013.0
1015.0
1086.0
494.0
268.0
3485.0
109.0
1160.0
231.0
1318.0
1417.0
2734.0
2527.0
3735.0
253.0
2232.0
1588.0
1053.0
1304.0
589.0
99.0
1275.0
1496.0
632.0
1732.0
1880.0
195.0
14.0
1468.0
104.0
891.0
727.0
147.0
2481.0
175.0
155.0
2141.0
3359.0
1932.0
1715.0
424.0
628.0
799.0
500.0
2472.0
3275.0
615.0
236.0
2003.0
1606.0
1456.0
2946.0
85.0
605.0
761.0
1889.0
1054.0
397.0
389.0
2395.0
273.0
38.0
658.0
1443.0
3233.0
52.0
732.0
2946.0
768.0
2856.0
80.0
274.0
1201.0
2405.0
933.0
517.0
189.0
2020.0
1727.0
383.0
134.0
1836.0
2541.0
3771.0
226.0
2560.0
1409.0
1560.0
916.0
2284.0
628.0
699.0
2868.0
3906.0
1048.0
1365.0
283.0
2557.0
299.0
1416.0
1573.0
98.0
570.0
1531.0
1803.0
87.0
2474.0
428.0
92.0
2036.0
594.0
1225.0
675.0
816.0
1160.0
2978.0
793.0
2217.0
2673.0
2615.0
359.0
489.0
910.0
1374.0
3251.0
81.0
1190.0
1039.0
1447.0
100.0
386.0
1356.0
1399.0
1984.0
825.0
702.0
2351.0
744.0
45.0
178.0
1935.0
1354.0
2354.0
2976.0
2811.0
1414.0
3247.0
1814.0
2191.0
2440.0
208.0
3159.0
1550.0
2134.0
163.0
1182.0
946.0
2348.0
1521.0
1238.0
572.0
782.0
1260.0
966.0
2811.0
397.0
1682.0
2194.0
446.0
917.0
1828.0
1152.0
2014.0
1800.0
913.0
2968.0
3284.0
2733.0
1152.0
1145.0
640.0
1388.0
2473.0
1211.0
657.0
2290.0
2961.0
1499.0
347.0
807.0
3287.0
2481.0
1636.0
192.0
1966.0
413.0
332.0
1486.0
384.0
2526.0
1510.0
1267.0
532.0
1565.0
1039.0
210.0
547.0
2134.0
5.0
377.0
562.0
2336.0
1355.0
649.0
3196.0
951.0
728.0
1396.0
127.0
441.0
1026.0
3512.0
1625.0
1133.0
1690.0
491.0
1728.0
1791.0
2382.0
885.0
876.0
501.0
1427.0
865.0
884.0
309.0
2985.0
192.0
1592.0
2178.0
1544.0
1460.0
1577.0
2594.0
766.0
869.0
1322.0
2668.0
55.0
1732.0
2755.0
353.0
883.0
715.0
3667.0
1171.0
1728.0
2523.0
1109.0
1345.0
1001.0
888.0
3.0
1920.0
3.0
801.0
3243.0
2557.0
1924.0
769.0
1407.0
143.0
1145.0
2316.0
1348.0
1553.0
168.0
142.0
70.0
758.0
660.0
3100.0
401.0
803.0
854.0
1071.0
2950.0
1984.0
3377.0
1418.0
517.0
1307.0
3170.0
2954.0
393.0
2282.0
48.0
1502.0
3060.0
1616.0
54.0
1107.0
1346.0
1182.0
1415.0
371.0
2710.0
397.0
577.0
551.0
1659.0
2196.0
858.0
1235.0
441.0
2369.0
223.0
489.0
2702.0
298.0
1874.0
2784.0
1441.0
171.0
905.0
1308.0
485.0
485.0
989.0
1271.0
1263.0
3496.0
687.0
3288.0
1601.0
1510.0
201.0
330.0
2083.0
2.0
392.0
69.0
2514.0
1771.0
1835.0
284.0
2935.0
328.0
3092.0
18.0
182.0
3015.0
482.0
615.0
696.0
554.0
1803.0
1729.0
1331.0
3150.0
1825.0
125.0
1867.0
125.0
1743.0
2090.0
3208.0
332.0
978.0
1599.0
1801.0
1448.0
1641.0
2562.0
408.0
1202.0
1033.0
953.0
3992.0
1722.0
965.0
1566.0
1438.0
1027.0
312.0
2384.0
237.0
964.0
1324.0
520.0
1587.0
3022.0
461.0
617.0
881.0
1727.0
1948.0
1453.0
1721.0
792.0
427.0
1259.0
522.0
2584.0
1669.0
2536.0
875.0
929.0
454.0
1080.0
631.0
1906.0
1191.0
184.0
78.0
2090.0
2037.0
1230.0
394.0
1207.0
1469.0
865.0
294.0
1406.0
1531.0
66.0
3078.0
582.0
15.0
552.0
1330.0
303.0
118.0
1496.0
978.0
2223.0
3530.0
2395.0
363.0
210.0
2835.0
707.0
311.0
776.0
54.0
1893.0
394.0
663.0
503.0
485.0
1508.0
290.0
167.0
3651.0
2096.0
2624.0
889.0
1533.0
0.0
1922.0
3575.0
2932.0
2470.0
2485.0
1155.0
639.0
429.0
104.0
1592.0
955.0
672.0
827.0
1874.0
1663.0
405.0
1046.0
1125.0
1909.0
529.0
756.0
1597.0
1670.0
1598.0
1124.0
249.0
1155.0
457.0
639.0
138.0
1252.0
2032.0
1543.0
2062.0
2149.0
2224.0
202.0
1412.0
1576.0
479.0
708.0
708.0
1888.0
2129.0
36.0
969.0
1597.0
1191.0
2154.0
141.0
555.0
400.0
488.0
101.0
1369.0
1541.0
1108.0
732.0
1470.0
1376.0
1255.0
1235.0
709.0
1047.0
3865.0
1543.0
1887.0
622.0
2263.0
3522.0
949.0
793.0
2310.0
1603.0
1544.0
1705.0
2471.0
274.0
948.0
1264.0
1752.0
2433.0
925.0
2500.0
1084.0
1177.0
1774.0
2607.0
440.0
2546.0
2309.0
1268.0
2123.0
2557.0
1165.0
478.0
281.0
1299.0
343.0
2687.0
3533.0
788.0
419.0
1002.0
1061.0
156.0
1291.0
335.0
574.0
108.0
1681.0
1366.0
1451.0
1583.0
1198.0
2890.0
1480.0
3732.0
510.0
1547.0
999.0
280.0
2828.0
525.0
3648.0
1371.0
693.0
980.0
3410.0
821.0
644.0
1751.0
1926.0
348.0
324.0
817.0
587.0
566.0
1077.0
1562.0
1814.0
3131.0
2186.0
177.0
822.0
3055.0
3018.0
2182.0
273.0
877.0
593.0
934.0
603.0
1298.0
705.0
2146.0
2236.0
1007.0
3196.0
1782.0
367.0
1324.0
305.0
320.0
1825.0
403.0
1256.0
859.0
1089.0
2103.0
240.0
795.0
846.0
3109.0
635.0
562.0
3042.0
1051.0
1423.0
368.0
647.0
1425.0
630.0
715.0
2762.0
2076.0
526.0
1000.0
1650.0
763.0
3355.0
1308.0
611.0
1125.0
743.0
176.0
105.0
2038.0
1445.0
1283.0
1515.0
412.0
2741.0
252.0
3386.0
374.0
1840.0
1509.0
85.0
991.0
1570.0
610.0
1496.0
1906.0
2465.0
29.0
294.0
875.0
1906.0
2751.0
673.0
436.0
868.0
240.0
471.0
39.0
2485.0
1335.0
1339.0
2742.0
2962.0
2373.0
13.0
629.0
368.0
423.0
3489.0
2175.0
365.0
2242.0
1497.0
312.0
1150.0
2663.0
3861.0
417.0
898.0
2796.0
2004.0
656.0
1188.0
872.0
1110.0
278.0
2306.0
302.0
1187.0
1232.0
2261.0
2516.0
2130.0
1703.0
1434.0
464.0
3233.0
1730.0
2201.0
1223.0
2545.0
711.0
2017.0
1702.0
317.0
1584.0
785.0
1020.0
1808.0
3248.0
450.0
1141.0
734.0
2092.0
2726.0
2672.0
74.0
2166.0
1295.0
1113.0
1743.0
1135.0
2549.0
6.0
1098.0
2178.0
1013.0
3413.0
1795.0
1425.0
542.0
50.0
1627.0
2974.0
1652.0
2412.0
1409.0
1128.0
3202.0
775.0
1640.0
2729.0
265.0
3179.0
2865.0
2451.0
2812.0
1718.0
1804.0
3794.0
732.0
1027.0
2660.0
688.0
2750.0
1361.0
697.0
824.0
2894.0
1355.0
1276.0
1177.0
2056.0
858.0
961.0
1632.0
1058.0
1707.0
791.0
597.0
1414.0
2341.0
649.0
133.0
3077.0
2100.0
63.0
3.0
707.0
980.0
3319.0
943.0
2037.0
345.0
659.0
10.0
1627.0
1116.0
834.0
38.0
1158.0
871.0
681.0
1806.0
875.0
1195.0
2820.0
3042.0
36.0
447.0
1323.0
1831.0
1675.0
509.0
777.0
1490.0
3021.0
187.0
1540.0
2859.0
15.0
2105.0
966.0
1909.0
102.0
1328.0
15.0
980.0
1775.0
2194.0
2859.0
418.0
2048.0
2226.0
2031.0
1024.0
1383.0
1729.0
3571.0
1600.0
235.0
789.0
3184.0
1779.0
89.0
1025.0
2014.0
2290.0
2513.0
1026.0
90.0
2724.0
96.0
661.0
178.0
2813.0
3327.0
916.0
1670.0
181.0
848.0
265.0
901.0
775.0
948.0
1334.0
1011.0
3218.0
1762.0
679.0
3002.0
1478.0
218.0
2377.0
1588.0
3113.0
3541.0
1136.0
224.0
654.0
1090.0
1492.0
1283.0
2282.0
1861.0
3674.0
612.0
1436.0
1224.0
3.0
771.0
110.0
543.0
1782.0
2746.0
814.0
544.0
578.0
428.0
1570.0
309.0
2070.0
1983.0
2823.0
743.0
1837.0
3092.0
1051.0
504.0
290.0
3504.0
2901.0
3402.0
298.0
47.0
610.0
2285.0
636.0
2266.0
639.0
1732.0
3132.0
1160.0
2141.0
489.0
91.0
2895.0
1194.0
1632.0
418.0
2335.0
1695.0
347.0
3291.0
3226.0
2574.0
1191.0
678.0
228.0
70.0
1838.0
3213.0
803.0
357.0
178.0
2619.0
2290.0
779.0
714.0
3216.0
349.0
2765.0
927.0
927.0
2933.0
1180.0
661.0
536.0
31.0
1078.0
445.0
731.0
75.0
2730.0
1060.0
74.0
1280.0
374.0
517.0
2450.0
385.0
3300.0
2321.0
866.0
1353.0
3440.0
492.0
2121.0
2908.0
1739.0
2602.0
3501.0
1778.0
1291.0
835.0
1730.0
1364.0
2559.0
819.0
1998.0
199.0
2972.0
586.0
107.0
2838.0
1572.0
285.0
285.0
268.0
2137.0
389.0
1401.0
915.0
365.0
681.0
393.0
972.0
1526.0
1197.0
1815.0
2033.0
1221.0
1504.0
3704.0
425.0
485.0
1440.0
2858.0
935.0
1659.0
3940.0
3549.0
93.0
497.0
438.0
3302.0
1855.0
1011.0
1538.0
2610.0
906.0
2273.0
2713.0
3491.0
1515.0
1026.0
711.0
949.0
650.0
2369.0
1166.0
1861.0
2042.0
1513.0
1666.0
3367.0
2421.0
6.0
2733.0
3947.0
2608.0
2497.0
561.0
617.0
418.0
936.0
552.0
2406.0
2450.0
1498.0
644.0
989.0
343.0
1888.0
453.0
968.0
529.0
361.0
672.0
1134.0
1888.0
1051.0
537.0
1210.0
2200.0
1299.0
2711.0
258.0
3567.0
188.0
1404.0
3904.0
156.0
1093.0
151.0
2800.0
1606.0
2276.0
850.0
1920.0
580.0
2338.0
974.0
1394.0
1023.0
1193.0
1801.0
1759.0
3655.0
1785.0
1841.0
3620.0
260.0
2311.0
3141.0
1477.0
486.0
994.0
2398.0
354.0
2751.0
1076.0
2254.0
1678.0
862.0
122.0
901.0
1142.0
3512.0
2459.0
18.0
743.0
660.0
1998.0
2137.0
214.0
3000.0
3387.0
3.0
2246.0
113.0
2194.0
699.0
2.0
1293.0
1829.0
1093.0
489.0
708.0
825.0
845.0
68.0
1450.0
2346.0
907.0
184.0
2015.0
23.0
1115.0
606.0
1664.0
974.0
91.0
3212.0
2846.0
1232.0
2079.0
2738.0
2640.0
1214.0
148.0
1339.0
578.0
356.0
500.0
1769.0
3432.0
916.0
1458.0
1899.0
1481.0
1901.0
3740.0
2594.0
1830.0
47.0
1121.0
894.0
414.0
1237.0
575.0
522.0
1979.0
1395.0
1736.0
1855.0
1141.0
877.0
496.0
1423.0
2290.0
4076.0
2612.0
425.0
885.0
2384.0
511.0
365.0
3603.0
2292.0
2312.0
531.0
1715.0
2938.0
736.0
1018.0
369.0
691.0
92.0
340.0
726.0
34.0
1329.0
75.0
1652.0
547.0
2410.0
1338.0
2951.0
2614.0
2408.0
601.0
844.0
3405.0
1302.0
1589.0
789.0
2000.0
3564.0
2819.0
2193.0
3105.0
2154.0
932.0
1748.0
1085.0
1599.0
3043.0
2385.0
605.0
1211.0
1754.0
757.0
1032.0
1023.0
2753.0
3940.0
292.0
567.0
415.0
3099.0
1971.0
441.0
337.0
3010.0
2049.0
1228.0
473.0
857.0
2313.0
1938.0
163.0
872.0
1090.0
794.0
2983.0
207.0
1035.0
133.0
882.0
309.0
2750.0
415.0
412.0
369.0
3162.0
165.0
108.0
2349.0
1899.0
922.0
1186.0
1302.0
1652.0
720.0
229.0
665.0
208.0
701.0
674.0
1733.0
1322.0
2658.0
1608.0
131.0
2421.0
1210.0
2770.0
2370.0
1504.0
952.0
1688.0
982.0
1919.0
417.0
263.0
579.0
3073.0
2502.0
734.0
577.0
985.0
132.0
2333.0
1642.0
815.0
267.0
2441.0
448.0
957.0
306.0
953.0
636.0
2043.0
3503.0
855.0
1422.0
488.0
195.0
1295.0
1852.0
1592.0
1638.0
2809.0
1661.0
1269.0
1746.0
1928.0
1127.0
529.0
2709.0
245.0
1629.0
1512.0
2129.0
1921.0
1823.0
109.0
2114.0
2064.0
616.0
673.0
185.0
662.0
911.0
496.0
2909.0
2578.0
69.0
733.0
1903.0
1292.0
176.0
430.0
184.0
309.0
253.0
343.0
1761.0
2511.0
343.0
617.0
226.0
2132.0
845.0
1904.0
2087.0
936.0
878.0
380.0
1432.0
1306.0
434.0
950.0
989.0
2862.0
864.0
549.0
1595.0
3207.0
1514.0
2277.0
588.0
960.0
1530.0
726.0
560.0
1995.0
463.0
3158.0
1307.0
675.0
1668.0
1195.0
566.0
917.0
655.0
1606.0
124.0
2530.0
173.0
2897.0
845.0
1937.0
2939.0
2995.0
727.0
2643.0
617.0
1562.0
3035.0
46.0
2097.0
1704.0
1289.0
2537.0
19.0
386.0
1008.0
801.0
2117.0
921.0
1332.0
2733.0
2097.0
3101.0
524.0
1262.0
1202.0
1781.0
2814.0
2219.0
190.0
1533.0
676.0
710.0
418.0
1880.0
3627.0
1051.0
472.0
1355.0
3432.0
981.0
2058.0
996.0
870.0
1020.0
2224.0
1567.0
1633.0
3069.0
1422.0
612.0
1378.0
3465.0
672.0
1060.0
904.0
315.0
2522.0
1906.0
84.0
1650.0
565.0
45.0
165.0
3096.0
1978.0
3473.0
129.0
171.0
253.0
666.0
1713.0
2957.0
2932.0
2901.0
1965.0
874.0
244.0
612.0
1366.0
1433.0
690.0
1264.0
739.0
750.0
606.0
2021.0
2230.0
2188.0
1762.0
580.0
1569.0
1604.0
2501.0
3689.0
1938.0
3182.0
474.0
1230.0
2200.0
1090.0
346.0
2043.0
765.0
3809.0
1778.0
493.0
2094.0
442.0
822.0
626.0
1342.0
2255.0
1731.0
2633.0
622.0
158.0
202.0
772.0
3541.0
2905.0
101.0
1869.0
1016.0
454.0
1183.0
2858.0
640.0
2139.0
1806.0
1909.0
2412.0
1406.0
1932.0
920.0
276.0
1622.0
2575.0
3276.0
666.0
1944.0
392.0
1704.0
1557.0
2203.0
320.0
2806.0
2635.0
319.0
807.0
2135.0
188.0
1625.0
2833.0
570.0
904.0
2036.0
618.0
181.0
2069.0
387.0
586.0
2920.0
2773.0
1874.0
220.0
1156.0
512.0
911.0
832.0
452.0
1348.0
995.0
1197.0
1316.0
1997.0
1204.0
685.0
1527.0
499.0
475.0
436.0
921.0
327.0
204.0
1093.0
1339.0
1721.0
636.0
1256.0
235.0
3510.0
1516.0
965.0
3478.0
228.0
299.0
1547.0
1132.0
2619.0
2012.0
1456.0
2505.0
1952.0
2189.0
1017.0
1979.0
844.0
895.0
1743.0
1890.0
262.0
2654.0
587.0
1115.0
5.0
2279.0
2450.0
1250.0
2229.0
1357.0
857.0
379.0
1469.0
2131.0
2315.0
135.0
3164.0
1835.0
668.0
3838.0
1974.0
1658.0
2599.0
1592.0
488.0
1340.0
1152.0
583.0
180.0
1278.0
210.0
1563.0
1506.0
1050.0
3112.0
1416.0
1159.0
2127.0
24.0
250.0
909.0
1473.0
2041.0
320.0
1683.0
236.0
1459.0
143.0
1942.0
652.0
1260.0
2599.0
820.0
1682.0
1213.0
1463.0
1642.0
386.0
1366.0
926.0
562.0
561.0
193.0
2615.0
105.0
896.0
237.0
3045.0
445.0
2098.0
1245.0
3780.0
368.0
2847.0
1568.0
494.0
2963.0
2756.0
53.0
2715.0
2569.0
26.0
1611.0
660.0
1567.0
3035.0
1825.0
2359.0
1310.0
557.0
1854.0
927.0
489.0
424.0
225.0
2183.0
1962.0
476.0
964.0
3037.0
303.0
510.0
170.0
1633.0
1813.0
146.0
2777.0
3479.0
1830.0
1954.0
3272.0
1918.0
1556.0
161.0
1541.0
1004.0
3012.0
1059.0
911.0
273.0
232.0
2984.0
1665.0
241.0
1777.0
2768.0
536.0
927.0
632.0
3267.0
640.0
1683.0
533.0
2980.0
574.0
1450.0
2664.0
1246.0
111.0
845.0
795.0
1212.0
362.0
2779.0
894.0
510.0
514.0
1736.0
902.0
1422.0
2658.0
640.0
171.0
3399.0
3998.0
1844.0
1495.0
1712.0
2660.0
213.0
324.0
795.0
349.0
317.0
1553.0
1987.0
3152.0
2641.0
1849.0
1853.0
1480.0
395.0
1907.0
78.0
1260.0
875.0
586.0
78.0
2630.0
1936.0
1311.0
2083.0
70.0
326.0
1866.0
1939.0
658.0
2605.0
1904.0
296.0
291.0
1999.0
881.0
1571.0
488.0
963.0
2175.0
2728.0
3330.0
1974.0
627.0
1084.0
2426.0
1355.0
2050.0
489.0
1517.0
677.0
2384.0
881.0
476.0
482.0
1703.0
968.0
1788.0
2465.0
2794.0
316.0
1008.0
684.0
1746.0
70.0
2509.0
1590.0
625.0
483.0
2137.0
141.0
2644.0
1195.0
725.0
2452.0
1930.0
1441.0
2175.0
760.0
735.0
575.0
2761.0
1371.0
1351.0
2264.0
2101.0
364.0
1647.0
1991.0
3157.0
367.0
1608.0
593.0
3462.0
2004.0
1612.0
521.0
1589.0
1232.0
2982.0
1005.0
2464.0
623.0
1593.0
2329.0
3255.0
274.0
1691.0
52.0
1460.0
2488.0
377.0
1735.0
428.0
2060.0
19.0
21.0
1954.0
2093.0
274.0
357.0
3207.0
2104.0
566.0
2439.0
1754.0
2807.0
899.0
2015.0
1261.0
26.0
2984.0
1798.0
1176.0
2243.0
192.0
641.0
1441.0
1159.0
533.0
810.0
1591.0
2542.0
1501.0
1955.0
877.0
2304.0
208.0
698.0
441.0
1061.0
429.0
316.0
2477.0
331.0
1711.0
515.0
1491.0
395.0
711.0
1987.0
585.0
736.0
255.0
3450.0
2234.0
2776.0
2708.0
321.0
653.0
2258.0
3597.0
1076.0
467.0
2120.0
1272.0
3505.0
1952.0
388.0
2675.0
3071.0
1460.0
3996.0
1368.0
1356.0
391.0
1345.0
113.0
376.0
172.0
3400.0
2380.0
2794.0
1412.0
1022.0
796.0
810.0
3812.0
1942.0
263.0
944.0
1548.0
2647.0
1975.0
590.0
1420.0
1868.0
795.0
1317.0
2086.0
956.0
385.0
809.0
230.0
884.0
1176.0
410.0
2203.0
735.0
2255.0
448.0
1029.0
1442.0
253.0
608.0
2290.0
1095.0
456.0
186.0
400.0
1225.0
1746.0
3161.0
2051.0
513.0
187.0
1190.0
305.0
1276.0
2258.0
2052.0
2761.0
534.0
2760.0
395.0
1963.0
2134.0
380.0
993.0
722.0
301.0
1256.0
512.0
1917.0
287.0
3783.0
1612.0
960.0
2116.0
987.0
1025.0
1812.0
2149.0
255.0
787.0
1056.0
202.0
1241.0
1859.0
871.0
1444.0
628.0
845.0
1229.0
974.0
375.0
298.0
2999.0
1251.0
429.0
832.0
2954.0
2135.0
3285.0
2130.0
2871.0
1207.0
1939.0
697.0
3932.0
2960.0
2833.0
1167.0
1487.0
1983.0
1173.0
1820.0
2690.0
286.0
467.0
2385.0
720.0
765.0
1194.0
109.0
1409.0
276.0
1584.0
1625.0
1445.0
2840.0
596.0
1667.0
1174.0
2105.0
2657.0
1846.0
875.0
822.0
3867.0
821.0
956.0
3107.0
2194.0
2269.0
2427.0
346.0
2825.0
1713.0
2956.0
2092.0
440.0
2171.0
229.0
2424.0
597.0
547.0
685.0
2290.0
83.0
1488.0
965.0
2783.0
3255.0
866.0
2549.0
311.0
1936.0
1257.0
3587.0
2464.0
4.0
1064.0
2569.0
734.0
447.0
1753.0
3150.0
558.0
3022.0
2245.0
1570.0
3870.0
3128.0
2969.0
690.0
3189.0
2559.0
2228.0
2149.0
430.0
448.0
3230.0
1679.0
1570.0
424.0
694.0
2364.0
239.0
121.0
269.0
659.0
165.0
1318.0
583.0
1823.0
1985.0
1329.0
159.0
1816.0
148.0
447.0
2332.0
2836.0
3715.0
2936.0
406.0
475.0
1196.0
2077.0
2337.0
59.0
1234.0
1261.0
3425.0
514.0
1220.0
350.0
1041.0
660.0
526.0
1171.0
746.0
2167.0
472.0
2484.0
2679.0
594.0
900.0
1865.0
24.0
1646.0
1104.0
13.0
940.0
2663.0
1289.0
3632.0
2806.0
3077.0
2390.0
1517.0
912.0
1190.0
979.0
1040.0
27.0
1899.0
1484.0
977.0
1603.0
713.0
577.0
894.0
132.0
1734.0
1532.0
633.0
1957.0
339.0
1632.0
230.0
1138.0
839.0
3635.0
1061.0
1918.0
543.0
1091.0
34.0
1924.0
512.0
1567.0
978.0
889.0
507.0
1797.0
509.0
1083.0
631.0
1989.0
2818.0
3338.0
3279.0
277.0
127.0
2429.0
2278.0
2010.0
682.0
575.0
352.0
1127.0
1343.0
608.0
652.0
236.0
632.0
2802.0
3749.0
2349.0
2456.0
1704.0
984.0
984.0
1502.0
1684.0
2356.0
1190.0
1515.0
1883.0
832.0
2896.0
157.0
476.0
211.0
139.0
422.0
1538.0
2902.0
517.0
60.0
1583.0
1865.0
1238.0
15.0
1093.0
3435.0
548.0
2592.0
2727.0
1922.0
1868.0
2946.0
905.0
2548.0
1513.0
1490.0
1216.0
3098.0
2110.0
414.0
2846.0
965.0
1056.0
663.0
881.0
2338.0
2501.0
645.0
317.0
353.0
19.0
643.0
592.0
1549.0
770.0
3002.0
1304.0
2072.0
2624.0
263.0
2371.0
148.0
713.0
3170.0
269.0
1649.0
1085.0
2409.0
915.0
344.0
2799.0
1611.0
165.0
785.0
807.0
921.0
1319.0
2221.0
2520.0
2829.0
208.0
256.0
1052.0
1750.0
2078.0
1075.0
2343.0
3580.0
422.0
1041.0
576.0
2749.0
944.0
1068.0
1587.0
2296.0
826.0
7.0
1534.0
1691.0
3663.0
1631.0
2893.0
905.0
106.0
1082.0
141.0
781.0
2769.0
3546.0
271.0
201.0
613.0
2813.0
2393.0
3710.0
3180.0
453.0
2575.0
1547.0
1683.0
1229.0
3730.0
2577.0
1987.0
762.0
153.0
489.0
640.0
1318.0
1302.0
876.0
2146.0
2107.0
1215.0
1473.0
1866.0
219.0
2828.0
1206.0
2900.0
315.0
3179.0
2179.0
632.0
618.0
1551.0
1075.0
1278.0
3237.0
978.0
2317.0
1214.0
112.0
2227.0
671.0
3260.0
527.0
750.0
1054.0
173.0
53.0
967.0
3182.0
1364.0
1558.0
2752.0
2793.0
1140.0
3617.0
406.0
3053.0
215.0
2673.0
1275.0
1216.0
272.0
161.0
377.0
2254.0
2375.0
249.0
1051.0
1685.0
2957.0
1669.0
679.0
526.0
2305.0
2577.0
290.0
87.0
690.0
1099.0
1833.0
523.0
2793.0
1114.0
3094.0
2164.0
3034.0
672.0
31.0
481.0
1598.0
1403.0
496.0
959.0
2056.0
2538.0
902.0
823.0
2478.0
2918.0
149.0
188.0
1362.0
447.0
1864.0
222.0
1498.0
618.0
2252.0
717.0
772.0
2013.0
3251.0
1529.0
525.0
1594.0
2088.0
449.0
352.0
1484.0
1305.0
636.0
551.0
1929.0
1439.0
1220.0
1412.0
1072.0
1920.0
900.0
2781.0
424.0
2217.0
1195.0
1521.0
3619.0
3364.0
2586.0
3622.0
3677.0
1403.0
768.0
120.0
2582.0
3032.0
2299.0
2568.0
2289.0
1007.0
1397.0
717.0
2072.0
829.0
1187.0
2720.0
1843.0
1318.0
1266.0
2353.0
427.0
335.0
180.0
2977.0
996.0
1043.0
223.0
191.0
2553.0
57.0
475.0
180.0
404.0
669.0
851.0
833.0
1268.0
3545.0
687.0
3477.0
121.0
388.0
2439.0
3029.0
809.0
2242.0
1281.0
529.0
887.0
1875.0
1246.0
2172.0
233.0
1065.0
220.0
1325.0
863.0
877.0
2734.0
1948.0
1201.0
994.0
1165.0
77.0
77.0
875.0
1509.0
3450.0
2664.0
125.0
3085.0
1417.0
1168.0
1408.0
648.0
1833.0
801.0
350.0
1062.0
3369.0
1273.0
515.0
81.0
14.0
1672.0
30.0
1243.0
669.0
3198.0
1433.0
3290.0
1711.0
2556.0
593.0
1960.0
2214.0
555.0
428.0
1339.0
1242.0
362.0
3163.0
1103.0
3400.0
344.0
961.0
254.0
307.0
1622.0
21.0
304.0
2352.0
1190.0
2851.0
700.0
2216.0
3279.0
316.0
1264.0
184.0
1713.0
357.0
120.0
2177.0
2582.0
1794.0
373.0
3528.0
439.0
1510.0
145.0
608.0
1531.0
749.0
1233.0
1899.0
2536.0
1842.0
1722.0
130.0
190.0
321.0
2318.0
824.0
307.0
498.0
1826.0
2665.0
397.0
531.0
998.0
1525.0
2083.0
1150.0
2061.0
730.0
1521.0
623.0
37.0
2580.0
379.0
854.0
478.0
2217.0
811.0
671.0
2339.0
1833.0
1488.0
1112.0
2268.0
1379.0
1929.0
1552.0
1034.0
12.0
1535.0
1705.0
242.0
2529.0
2353.0
663.0
1658.0
1886.0
1186.0
2026.0
1180.0
6.0
1941.0
2947.0
1453.0
1345.0
2444.0
2167.0
1383.0
2333.0
1334.0
2436.0
2338.0
1972.0
1544.0
144.0
1079.0
1297.0
916.0
166.0
3215.0
625.0
2631.0
3156.0
3171.0
2436.0
307.0
3263.0
998.0
82.0
617.0
2051.0
1612.0
3553.0
3608.0
976.0
567.0
1712.0
1257.0
1705.0
922.0
3659.0
685.0
1922.0
1608.0
3956.0
382.0
2172.0
1251.0
445.0
409.0
939.0
2918.0
2474.0
435.0
1557.0
1658.0
1512.0
118.0
1804.0
1377.0
1108.0
1206.0
2199.0
1692.0
190.0
3200.0
654.0
96.0
911.0
317.0
1985.0
1000.0
3084.0
2271.0
782.0
292.0
1228.0
3211.0
1453.0
1443.0
354.0
2816.0
920.0
663.0
282.0
226.0
536.0
2100.0
2358.0
205.0
2938.0
2328.0
3922.0
799.0
672.0
232.0
1126.0
2294.0
675.0
2544.0
734.0
1201.0
126.0
2268.0
2264.0
2443.0
811.0
2477.0
1432.0
1959.0
226.0
50.0
3340.0
402.0
66.0
1904.0
1847.0
879.0
3212.0
3351.0
89.0
1681.0
533.0
2268.0
640.0
751.0
3294.0
2475.0
1038.0
396.0
1065.0
1902.0
2838.0
3594.0
892.0
1391.0
568.0
557.0
860.0
750.0
61.0
1466.0
2754.0
1901.0
467.0
508.0
283.0
1650.0
1165.0
2159.0
457.0
1906.0
3127.0
1074.0
3798.0
1676.0
900.0
883.0
537.0
3298.0
1190.0
836.0
619.0
110.0
1964.0
1852.0
1624.0
1025.0
2636.0
1698.0
1453.0
353.0
1226.0
1753.0
2191.0
2916.0
634.0
81.0
695.0
2678.0
839.0
1394.0
2803.0
444.0
2575.0
845.0
2449.0
416.0
449.0
201.0
281.0
1232.0
620.0
1161.0
2183.0
359.0
2519.0
57.0
3114.0
322.0
1393.0
0.0
609.0
204.0
1295.0
2614.0
2390.0
3410.0
303.0
7.0
524.0
29.0
1985.0
1469.0
1552.0
620.0
1289.0
2524.0
121.0
577.0
197.0
812.0
2320.0
2315.0
116.0
1801.0
433.0
3003.0
2547.0
788.0
1817.0
1321.0
780.0
503.0
2679.0
101.0
1272.0
97.0
3181.0
2607.0
2962.0
326.0
1414.0
2359.0
1670.0
1891.0
1556.0
660.0
3688.0
726.0
272.0
1793.0
2847.0
1626.0
3183.0
1366.0
1138.0
1234.0
924.0
1591.0
2483.0
2890.0
3440.0
1824.0
1381.0
296.0
2188.0
1515.0
1583.0
1491.0
753.0
2583.0
605.0
2540.0
1640.0
2448.0
1687.0
2088.0
1167.0
1561.0
1583.0
79.0
2350.0
1993.0
369.0
2058.0
3659.0
1626.0
711.0
454.0
1766.0
2009.0
2519.0
1678.0
321.0
1659.0
312.0
3255.0
2434.0
1709.0
329.0
169.0
226.0
716.0
254.0
289.0
1659.0
107.0
190.0
635.0
3139.0
2545.0
848.0
148.0
997.0
54.0
1165.0
2152.0
210.0
1847.0
2038.0
3471.0
38.0
944.0
340.0
2514.0
1088.0
1087.0
1569.0
1155.0
1154.0
232.0
2406.0
3193.0
1335.0
2438.0
593.0
2672.0
2313.0
1811.0
2457.0
41.0
561.0
991.0
12.0
1973.0
2065.0
3297.0
2078.0
3055.0
1337.0
2129.0
1563.0
118.0
1554.0
70.0
522.0
1096.0
1791.0
762.0
1097.0
1159.0
1971.0
696.0
2560.0
924.0
1799.0
914.0
1093.0
940.0
2849.0
1622.0
559.0
1522.0
2604.0
1992.0
176.0
321.0
2721.0
292.0
2388.0
1131.0
982.0
2185.0
1197.0
2457.0
15.0
2131.0
2176.0
1566.0
240.0
610.0
5.0
1330.0
1033.0
1873.0
233.0
228.0
1957.0
982.0
1046.0
1376.0
482.0
2200.0
887.0
1562.0
1027.0
1405.0
1524.0
542.0
2443.0
3449.0
3281.0
694.0
294.0
1844.0
425.0
813.0
623.0
170.0
55.0
2672.0
1290.0
878.0
3582.0
2968.0
479.0
131.0
1208.0
2743.0
846.0
132.0
35.0
195.0
1695.0
478.0
952.0
1982.0
2046.0
575.0
557.0
1739.0
2850.0
65.0
1965.0
501.0
984.0
313.0
1086.0
1848.0
936.0
1707.0
1982.0
1139.0
382.0
1182.0
2250.0
569.0
1858.0
1306.0
518.0
1568.0
659.0
2355.0
3627.0
1632.0
646.0
1161.0
1215.0
1368.0
1445.0
656.0
371.0
600.0
950.0
3482.0
717.0
844.0
163.0
2039.0
2406.0
1487.0
3849.0
1662.0
945.0
2564.0
787.0
386.0
1381.0
1135.0
811.0
120.0
1790.0
1870.0
1400.0
207.0
1189.0
2377.0
15.0
164.0
66.0
2128.0
2035.0
2650.0
1805.0
1453.0
1228.0
149.0
2181.0
1978.0
270.0
1158.0
1628.0
1354.0
66.0
3264.0
2884.0
822.0
1331.0
2263.0
355.0
1526.0
454.0
1142.0
1541.0
1631.0
557.0
865.0
3264.0
784.0
3390.0
1953.0
563.0
11.0
1695.0
163.0
1810.0
2447.0
2972.0
897.0
2145.0
362.0
138.0
633.0
2125.0
1365.0
2926.0
624.0
658.0
187.0
2040.0
3827.0
275.0
1074.0
1367.0
2427.0
2669.0
440.0
36.0
250.0
692.0
136.0
146.0
1368.0
1690.0
338.0
1274.0
3177.0
1339.0
1654.0
1813.0
32.0
623.0
257.0
2759.0
2660.0
3157.0
553.0
1655.0
2573.0
931.0
471.0
1971.0
2170.0
3185.0
759.0
902.0
237.0
1505.0
175.0
862.0
403.0
237.0
3199.0
2016.0
538.0
261.0
3688.0
310.0
999.0
1771.0
2937.0
1050.0
2826.0
1184.0
1763.0
1625.0
2606.0
2026.0
174.0
1825.0
787.0
806.0
1039.0
1995.0
348.0
632.0
1146.0
1175.0
1985.0
538.0
1901.0
852.0
796.0
2448.0
2016.0
1046.0
1883.0
1255.0
2817.0
730.0
579.0
2703.0
1927.0
1529.0
1202.0
1588.0
468.0
2818.0
2103.0
2145.0
1296.0
346.0
1173.0
3064.0
1076.0
539.0
3041.0
1408.0
1178.0
1410.0
712.0
3268.0
685.0
119.0
287.0
1422.0
389.0
1117.0
382.0
302.0
1184.0
2894.0
10.0
730.0
261.0
225.0
632.0
182.0
730.0
2804.0
210.0
2961.0
407.0
1407.0
2353.0
322.0
413.0
3805.0
1265.0
46.0
2512.0
217.0
102.0
17.0
1987.0
965.0
2503.0
2795.0
2198.0
516.0
346.0
2390.0
1986.0
103.0
380.0
322.0
444.0
2450.0
337.0
3534.0
2928.0
3042.0
160.0
3065.0
406.0
2128.0
502.0
470.0
249.0
1781.0
493.0
3335.0
173.0
2390.0
322.0
2850.0
626.0
708.0
1771.0
1715.0
3066.0
2704.0
538.0
2028.0
857.0
519.0
1092.0
854.0
1634.0
1826.0
974.0
671.0
440.0
2295.0
1037.0
771.0
199.0
1334.0
1405.0
300.0
1901.0
2276.0
1051.0
1957.0
3615.0
1448.0
3191.0
142.0
314.0
501.0
2110.0
846.0
2195.0
1199.0
171.0
1078.0
306.0
105.0
2711.0
351.0
2718.0
2756.0
287.0
2175.0
3348.0
2112.0
1147.0
1497.0
568.0
119.0
1751.0
1387.0
1933.0
2319.0
1680.0
1301.0
146.0
1080.0
1250.0
2351.0
674.0
2488.0
391.0
3013.0
2815.0
1053.0
1364.0
411.0
225.0
2780.0
1191.0
2278.0
2606.0
3070.0
1231.0
47.0
861.0
1675.0
3846.0
1386.0
936.0
141.0
1716.0
1673.0
749.0
2417.0
1467.0
487.0
1140.0
712.0
914.0
1975.0
678.0
865.0
672.0
169.0
2458.0
2294.0
519.0
225.0
3697.0
1098.0
399.0
1298.0
829.0
1984.0
973.0
1846.0
1224.0
3170.0
64.0
2085.0
865.0
582.0
1771.0
3052.0
2906.0
45.0
241.0
113.0
492.0
2603.0
3201.0
2207.0
854.0
501.0
235.0
2234.0
1527.0
1017.0
1212.0
267.0
846.0
971.0
1145.0
929.0
174.0
1872.0
1310.0
691.0
2809.0
142.0
1487.0
763.0
428.0
795.0
516.0
33.0
333.0
467.0
2130.0
75.0
1996.0
2107.0
2260.0
1664.0
391.0
1196.0
821.0
1525.0
175.0
1324.0
1165.0
2733.0
875.0
483.0
1624.0
1119.0
521.0
333.0
14.0
1150.0
2.0
1779.0
2342.0
2012.0
2192.0
337.0
2082.0
158.0
3440.0
1359.0
644.0
2172.0
3458.0
220.0
2090.0
1894.0
2468.0
1516.0
147.0
1149.0
1751.0
41.0
482.0
3097.0
2114.0
1408.0
1137.0
3183.0
1311.0
3280.0
1391.0
755.0
893.0
804.0
629.0
2142.0
739.0
3629.0
809.0
1809.0
205.0
275.0
685.0
1118.0
1826.0
116.0
1343.0
3064.0
997.0
6.0
1872.0
659.0
2109.0
1948.0
2368.0
2379.0
2492.0
2119.0
543.0
470.0
367.0
1154.0
475.0
869.0
2569.0
507.0
1993.0
33.0
691.0
1356.0
3012.0
1045.0
320.0
1898.0
1952.0
487.0
55.0
2532.0
1314.0
1004.0
812.0
1689.0
2937.0
627.0
1142.0
1709.0
45.0
2129.0
844.0
2250.0
505.0
818.0
1369.0
1595.0
79.0
833.0
2885.0
538.0
1543.0
497.0
210.0
333.0
896.0
1047.0
1027.0
2830.0
174.0
829.0
1009.0
391.0
2090.0
520.0
1053.0
425.0
3201.0
3437.0
3406.0
1686.0
2591.0
846.0
10.0
334.0
538.0
749.0
1796.0
1027.0
1863.0
2278.0
220.0
563.0
3319.0
1367.0
475.0
619.0
109.0
2298.0
1748.0
1927.0
1136.0
37.0
1466.0
1148.0
23.0
828.0
2278.0
2097.0
433.0
3163.0
1612.0
323.0
796.0
1567.0
1527.0
1454.0
2016.0
2236.0
560.0
2083.0
874.0
1751.0
3226.0
721.0
845.0
383.0
829.0
3147.0
1405.0
460.0
831.0
701.0
18.0
1140.0
1224.0
2635.0
2690.0
2170.0
3119.0
1192.0
3183.0
605.0
866.0
965.0
620.0
1372.0
1527.0
1290.0
1771.0
3355.0
54.0
696.0
304.0
277.0
47.0
290.0
763.0
112.0
784.0
3440.0
119.0
71.0
1967.0
3617.0
270.0
721.0
1531.0
2845.0
1685.0
1.0
287.0
1625.0
736.0
3222.0
2601.0
2017.0
2448.0
247.0
1612.0
1077.0
2260.0
1119.0
1900.0
691.0
1371.0
2180.0
2346.0
916.0
514.0
17.0
82.0
1384.0
712.0
2412.0
1104.0
1901.0
1197.0
1047.0
2130.0
35.0
119.0
1889.0
1529.0
592.0
249.0
823.0
2950.0
897.0
77.0
2876.0
1721.0
2227.0
690.0
1329.0
965.0
1750.0
1359.0
26.0
1387.0
2786.0
420.0
3764.0
2578.0
116.0
3481.0
105.0
112.0
691.0
1478.0
1368.0
971.0
1534.0
1119.0
282.0
61.0
2114.0
1166.0
1970.0
3288.0
475.0
2089.0
79.0
2121.0
1107.0
1232.0
33.0
1534.0
3070.0
390.0
1202.0
1145.0
2.0
3291.0
1952.0
620.0
2354.0
853.0
1673.0
1405.0
1647.0
1826.0
521.0
88.0
1933.0
2965.0
3191.0
58.0
540.0
26.0
915.0
252.0
2493.0
1740.0
1461.0
3224.0
1998.0
2046.0
3712.0
1676.0
3076.0
1864.0
1547.0
708.0
166.0
549.0
1645.0
2086.0
1636.0
1827.0
705.0
1893.0
37.0
17.0
1512.0
2277.0
612.0
3084.0
1005.0
2108.0
896.0
623.0
749.0
1202.0
1657.0
2086.0
1468.0
1881.0
458.0
378.0
395.0
2434.0
1174.0
2146.0
2396.0
1185.0
1051.0
1401.0
1825.0
2433.0
2395.0
1611.0
2347.0
2179.0
2996.0
1547.0
1596.0
182.0
1983.0
378.0
2933.0
1369.0
103.0
1818.0
459.0
125.0
678.0
2299.0
926.0
112.0
169.0
113.0
2329.0
277.0
1190.0
553.0
779.0
2015.0
471.0
86.0
1104.0
865.0
333.0
1717.0
66.0
829.0
487.0
751.0
565.0
1460.0
97.0
171.0
2198.0
1146.0
971.0
103.0
103.0
3330.0
695.0
109.0
204.0
3140.0
2066.0
1295.0
1546.0
1349.0
2066.0
2016.0
1832.0
2795.0
142.0
1743.0
1269.0
1281.0
475.0
238.0
543.0
304.0
17.0
1586.0
538.0
520.0
1141.0
73.0
703.0
2104.0
2011.0
1142.0
1885.0
2503.0
1809.0
2303.0
1179.0
3582.0
691.0
1287.0
2895.0
86.0
3538.0
47.0
690.0
366.0
1701.0
1092.0
1598.0
1562.0
831.0
1542.0
179.0
187.0
3618.0
1387.0
1263.0
676.0
262.0
2249.0
1771.0
880.0
162.0
182.0
3341.0
2031.0
806.0
806.0
1038.0
612.0
189.0
940.0
971.0
2163.0
441.0
1788.0
779.0
1279.0
2520.0
1726.0
1216.0
2681.0
287.0
931.0
1488.0
3578.0
460.0
2.0
377.0
67.0
927.0
17.0
3406.0
1804.0
1602.0
977.0
1872.0
1165.0
538.0
3534.0
318.0
282.0
68.0
1645.0
3264.0
1091.0
1885.0
459.0
466.0
942.0
55.0
1288.0
1469.0
1701.0
93.0
477.0
565.0
271.0
1466.0
760.0
4.0
3095.0
3392.0
927.0
2197.0
459.0
1346.0
3196.0
2131.0
138.0
1788.0
65.0
470.0
2104.0
3262.0
325.0
1965.0
828.0
2261.0
2756.0
78.0
2303.0
1388.0
986.0
2963.0
2579.0
97.0
17.0
434.0
1109.0
679.0
812.0
965.0
487.0
1119.0
744.0
516.0
2127.0
1358.0
2825.0
1227.0
3376.0
2993.0
199.0
828.0
1516.0
581.0
789.0
1202.0
1600.0
674.0
786.0
2552.0
316.0
2007.0
1541.0
75.0
3116.0
97.0
712.0
2392.0
2127.0
712.0
1337.0
64.0
3283.0
2512.0
2160.0
363.0
1362.0
145.0
829.0
1588.0
127.0
2587.0
1116.0
1336.0
387.0
2758.0
565.0
1134.0
304.0
34.0
3387.0
2581.0
977.0
125.0
1976.0
2049.0
1715.0
2606.0
657.0
304.0
763.0
2.0
304.0
2869.0
1072.0
3352.0
1614.0
971.0
982.0
3572.0
2801.0
538.0
1553.0
158.0
494.0
1017.0
250.0
45.0
2582.0
2064.0
1310.0
3335.0
2356.0
115.0
779.0
1420.0
234.0
3862.0
1488.0
1967.0
782.0
2016.0
1807.0
2485.0
2566.0
1743.0
76.0
1012.0
90.0
3207.0
2025.0
304.0
1925.0
1044.0
2463.0
308.0
1179.0
1881.0
730.0
976.0
1507.0
2567.0
422.0
1832.0
941.0
632.0
88.0
1826.0
1937.0
1173.0
1716.0
1055.0
3456.0
2299.0
154.0
647.0
1107.0
1547.0
2390.0
1896.0
3440.0
2812.0
617.0
1423.0
1381.0
2182.0
487.0
468.0
2062.0
556.0
1202.0
2885.0
3210.0
2054.0
2530.0
2842.0
1527.0
332.0
564.0
88.0
703.0
525.0
1269.0
1617.0
874.0
1287.0
3326.0
954.0
2278.0
391.0
1329.0
2478.0
2597.0
108.0
2514.0
2845.0
3571.0
604.0
122.0
535.0
2028.0
2322.0
1542.0
2230.0
2413.0
696.0
3676.0
395.0
1007.0
378.0
2690.0
44.0
565.0
3333.0
3183.0
362.0
1179.0
1809.0
501.0
607.0
47.0
3191.0
3515.0
2.0
2800.0
2087.0
112.0
1649.0
2303.0
494.0
1925.0
2355.0
902.0
696.0
965.0
910.0
3000.0
764.0
611.0
1410.0
233.0
2163.0
1534.0
1077.0
2019.0
1306.0
1148.0
1755.0
600.0
591.0
960.0
2717.0
2601.0
2489.0
287.0
1778.0
370.0
3481.0
771.0
2239.0
2373.0
1703.0
117.0
1931.0
2347.0
846.0
3164.0
575.0
600.0
1017.0
601.0
1631.0
696.0
422.0
2204.0
735.0
2164.0
804.0
2092.0
1821.0
2660.0
896.0
1942.0
1596.0
247.0
757.0
507.0
1538.0
965.0
3152.0
1649.0
1179.0
296.0
690.0
2287.0
109.0
2496.0
389.0
395.0
620.0
1701.0
1436.0
2967.0
855.0
616.0
1365.0
3481.0
124.0
2341.0
2422.0
64.0
2314.0
2018.0
997.0
2143.0
543.0
1933.0
113.0
2375.0
2114.0
142.0
116.0
781.0
543.0
220.0
1380.0
1832.0
1017.0
390.0
1781.0
1129.0
696.0
1588.0
310.0
3604.0
939.0
66.0
829.0
1055.0
970.0
813.0
1913.0
2230.0
1283.0
3417.0
2605.0
3056.0
2820.0
2066.0
90.0
2278.0
834.0
383.0
1741.0
2794.0
174.0
1798.0
2758.0
285.0
657.0
965.0
1103.0
2618.0
937.0
252.0
931.0
1499.0
1510.0
2035.0
1750.0
2062.0
838.0
1342.0
196.0
819.0
1845.0
2249.0
154.0
977.0
1573.0
600.0
16.0
1293.0
2333.0
75.0
1629.0
116.0
189.0
199.0
3026.0
1664.0
3401.0
1256.0
1421.0
11.0
116.0
182.0
1017.0
678.0
1099.0
1812.0
3507.0
939.0
1654.0
2539.0
554.0
1369.0
3081.0
2113.0
1305.0
521.0
973.0
1919.0
1815.0
3060.0
1138.0
222.0
2230.0
3365.0
2134.0
2655.0
3982.0
1230.0
174.0
755.0
1957.0
439.0
391.0
622.0
1639.0
2885.0
1051.0
1885.0
502.0
2679.0
538.0
2801.0
3881.0
300.0
3523.0
30.0
716.0
2382.0
3437.0
378.0
334.0
457.0
119.0
275.0
1547.0
701.0
1657.0
3188.0
1137.0
2279.0
2311.0
3269.0
784.0
225.0
7.0
989.0
1047.0
600.0
501.0
1553.0
1797.0
119.0
3466.0
306.0
1369.0
245.0
1037.0
2967.0
1826.0
1385.0
83.0
116.0
1487.0
673.0
3008.0
1971.0
1467.0
2068.0
1723.0
237.0
3479.0
182.0
835.0
359.0
3015.0
501.0
230.0
937.0
600.0
298.0
51.0
2535.0
2194.0
880.0
1150.0
1927.0
772.0
974.0
1219.0
2227.0
1165.0
3884.0
1372.0
1704.0
1384.0
1933.0
17.0
1299.0
173.0
1436.0
1715.0
2362.0
348.0
2321.0
763.0
2560.0
101.0
3302.0
171.0
3479.0
305.0
627.0
2931.0
538.0
676.0
3126.0
460.0
325.0
565.0
1926.0
1028.0
3211.0
2601.0
1017.0
919.0
1793.0
1030.0
2395.0
2758.0
1337.0
1295.0
3076.0
217.0
174.0
2563.0
406.0
541.0
47.0
30.0
1467.0
1184.0
3066.0
1580.0
2943.0
954.0
2046.0
749.0
656.0
1051.0
564.0
712.0
1117.0
2152.0
2207.0
1173.0
2396.0
1826.0
1499.0
1777.0
737.0
2047.0
171.0
2455.0
2299.0
1949.0
45.0
1733.0
3116.0
3550.0
182.0
1083.0
1788.0
937.0
557.0
1190.0
1728.0
1797.0
823.0
717.0
893.0
1092.0
1017.0
553.0
1638.0
546.0
678.0
971.0
896.0
2327.0
1840.0
179.0
3201.0
119.0
2103.0
2855.0
2694.0
535.0
541.0
866.0
1051.0
1489.0
1499.0
620.0
1391.0
2200.0
1925.0
783.0
302.0
840.0
2130.0
1731.0
88.0
395.0
2121.0
1996.0
460.0
1160.0
1534.0
1017.0
841.0
1968.0
366.0
2365.0
1595.0
2355.0
2016.0
116.0
2154.0
1216.0
2428.0
2877.0
1693.0
115.0
467.0
269.0
218.0
237.0
1356.0
891.0
395.0
234.0
1911.0
174.0
1287.0
1290.0
1499.0
1387.0
1701.0
3162.0
3481.0
119.0
2767.0
606.0
174.0
2653.0
2331.0
802.0
2314.0
1791.0
1014.0
678.0
1572.0
1927.0
112.0
505.0
160.0
249.0
1586.0
1387.0
3310.0
3326.0
1202.0
1749.0
648.0
428.0
199.0
2279.0
1475.0
2830.0
3025.0
2800.0
528.0
322.0
276.0
390.0
199.0
10.0
1190.0
2168.0
57.0
1141.0
783.0
1315.0
2012.0
406.0
3472.0
1180.0
1184.0
825.0
459.0
565.0
1166.0
2602.0
694.0
390.0
78.0
2125.0
2571.0
1751.0
353.0
1660.0
3288.0
102.0
199.0
487.0
502.0
924.0
1369.0
2086.0
2601.0
1349.0
1397.0
1652.0
2965.0
1098.0
301.0
691.0
395.0
2023.0
2721.0
2987.0
1844.0
1851.0
1592.0
218.0
2113.0
934.0
1761.0
971.0
168.0
394.0
276.0
1578.0
97.0
1699.0
77.0
2168.0
1864.0
1374.0
763.0
926.0
2339.0
1047.0
88.0
249.0
1195.0
2368.0
713.0
1287.0
160.0
902.0
1055.0
1614.0
320.0
971.0
3361.0
2494.0
974.0
2481.0
314.0
1437.0
1770.0
5.0
2442.0
2759.0
470.0
3139.0
210.0
366.0
3507.0
1290.0
2335.0
999.0
1054.0
1640.0
1846.0
738.0
174.0
1592.0
2523.0
142.0
535.0
1565.0
1622.0
314.0
1933.0
2356.0
931.0
997.0
750.0
3066.0
1716.0
896.0
828.0
2104.0
1707.0
49.0
918.0
2946.0
1339.0
487.0
2028.0
581.0
169.0
2035.0
1232.0
694.0
1171.0
2800.0
1895.0
468.0
691.0
865.0
726.0
783.0
1436.0
542.0
161.0
583.0
105.0
2249.0
1534.0
171.0
1160.0
3506.0
1962.0
1592.0
1276.0
1926.0
2070.0
564.0
1438.0
620.0
1547.0
898.0
2128.0
1555.0
629.0
145.0
2073.0
260.0
2113.0
147.0
1391.0
304.0
592.0
674.0
69.0
2765.0
1462.0
1618.0
44.0
471.0
3264.0
448.0
169.0
688.0
1764.0
1420.0
2310.0
1645.0
1287.0
1310.0
1452.0
33.0
1367.0
37.0
2371.0
147.0
2222.0
1551.0
147.0
1413.0
1134.0
3550.0
3077.0
972.0
1087.0
3479.0
2251.0
2390.0
395.0
672.0
33.0
1290.0
2962.0
2016.0
3826.0
562.0
323.0
171.0
2026.0
3219.0
890.0
973.0
1640.0
2866.0
1.0
487.0
1262.0
1928.0
1545.0
1475.0
2090.0
482.0
391.0
1731.0
51.0
362.0
276.0
513.0
1179.0
2674.0
101.0
3408.0
471.0
1212.0
1921.0
2532.0
1308.0
1256.0
815.0
934.0
1595.0
130.0
2373.0
2717.0
118.0
211.0
1452.0
1994.0
1310.0
3527.0
1707.0
2636.0
1573.0
2398.0
1202.0
879.0
564.0
2278.0
1222.0
829.0
1885.0
787.0
889.0
2356.0
2493.0
2082.0
601.0
807.0
3406.0
1954.0
2179.0
701.0
779.0
1878.0
789.0
2142.0
317.0
2016.0
222.0
643.0
657.0
116.0
796.0
1926.0
50.0
119.0
3721.0
620.0
3079.0
2767.0
1195.0
1807.0
1067.0
3077.0
426.0
3882.0
1190.0
1043.0
761.0
3386.0
320.0
1463.0
564.0
1290.0
2765.0
275.0
610.0
1334.0
1179.0
2285.0
2227.0
1973.0
1117.0
116.0
521.0
419.0
1671.0
1654.0
3515.0
3139.0
1111.0
3959.0
997.0
1915.0
460.0
487.0
2164.0
2390.0
281.0
1557.0
1998.0
584.0
382.0
1200.0
3534.0
459.0
1369.0
323.0
1751.0
1461.0
3328.0
3173.0
966.0
1290.0
1355.0
275.0
897.0
487.0
696.0
142.0
2779.0
558.0
1616.0
1967.0
428.0
1998.0
354.0
3076.0
1501.0
471.0
3047.0
237.0
1726.0
1290.0
737.0
105.0
737.0
166.0
304.0
2333.0
2543.0
1200.0
701.0
3660.0
1314.0
391.0
861.0
3086.0
497.0
1003.0
302.0
112.0
1639.0
3112.0
1031.0
217.0
1429.0
1593.0
1701.0
1239.0
468.0
964.0
702.0
225.0
1887.0
2800.0
475.0
2103.0
1927.0
2495.0
2016.0
1965.0
2396.0
2466.0
1933.0
1389.0
30.0
1154.0
1967.0
1933.0
1592.0
2046.0
247.0
2007.0
3012.0
2445.0
2997.0
1560.0
2717.0
2331.0
572.0
2822.0
369.0
1023.0
1061.0
869.0
2308.0
459.0
1573.0
2.0
48.0
1815.0
304.0
1396.0
2114.0
649.0
1055.0
2804.0
3280.0
502.0
1211.0
889.0
622.0
1998.0
116.0
779.0
2278.0
2822.0
2785.0
3553.0
1952.0
1199.0
600.0
3106.0
693.0
475.0
1751.0
3219.0
1826.0
565.0
2094.0
1664.0
2553.0
3537.0
210.0
2211.0
1751.0
378.0
2355.0
3402.0
3183.0
1804.0
1422.0
2230.0
317.0
174.0
2169.0
1995.0
3544.0
1516.0
1415.0
1786.0
65.0
1814.0
2303.0
78.0
2909.0
696.0
3052.0
433.0
965.0
3329.0
2986.0
1069.0
17.0
2040.0
116.0
1015.0
1067.0
24.0
47.0
854.0
1014.0
565.0
934.0
1151.0
1287.0
395.0
630.0
1716.0
1736.0
499.0
2905.0
1629.0
1053.0
2278.0
1771.0
2114.0
1463.0
1125.0
2012.0
3408.0
3507.0
118.0
2743.0
3076.0
950.0
4040.0
1987.0
2067.0
3476.0
230.0
3041.0
603.0
2.0
2.0
2613.0
2626.0
14.0
1527.0
398.0
381.0
475.0
927.0
1462.0
2808.0
902.0
518.0
538.0
171.0
322.0
174.0
1488.0
257.0
3282.0
2146.0
2355.0
1030.0
975.0
237.0
1721.0
2788.0
593.0
879.0
2356.0
1592.0
175.0
2775.0
1103.0
2016.0
2392.0
1599.0
1398.0
1329.0
154.0
2443.0
1185.0
1214.0
1408.0
2468.0
1051.0
275.0
608.0
1509.0
2146.0
1287.0
2612.0
896.0
3116.0
1150.0
1272.0
1307.0
1751.0
1287.0
535.0
3307.0
769.0
1632.0
1117.0
1785.0
540.0
1347.0
1300.0
1509.0
2885.0
2315.0
729.0
518.0
1827.0
259.0
113.0
1216.0
176.0
322.0
815.0
1255.0
1041.0
1564.0
26.0
171.0
538.0
2207.0
1119.0
1107.0
261.0
1075.0
3289.0
451.0
1272.0
348.0
2018.0
127.0
1215.0
3531.0
218.0
3325.0
2107.0
690.0
543.0
608.0
2881.0
1756.0
931.0
113.0
2861.0
542.0
3066.0
1083.0
861.0
1140.0
2956.0
507.0
189.0
2121.0
546.0
2023.0
1211.0
1496.0
188.0
543.0
333.0
2112.0
322.0
1232.0
246.0
182.0
955.0
1774.0
519.0
190.0
3531.0
395.0
565.0
986.0
475.0
366.0
2332.0
763.0
3609.0
249.0
1971.0
88.0
272.0
1597.0
17.0
2355.0
2445.0
492.0
1885.0
1453.0
565.0
2375.0
1825.0
391.0
2230.0
1897.0
2128.0
3191.0
366.0
516.0
2121.0
1654.0
565.0
891.0
1083.0
33.0
2198.0
1511.0
3076.0
1085.0
1173.0
1287.0
122.0
1293.0
2018.0
602.0
2622.0
460.0
3721.0
275.0
182.0
589.0
348.0
1113.0
3139.0
2606.0
2160.0
182.0
778.0
141.0
829.0
3355.0
523.0
438.0
1109.0
2448.0
2655.0
2089.0
1887.0
2179.0
24.0
713.0
2163.0
1199.0
2842.0
1195.0
2.0
2996.0
281.0
730.0
1641.0
221.0
3507.0
2749.0
803.0
807.0
2372.0
517.0
2661.0
2859.0
592.0
157.0
1986.0
2046.0
383.0
3076.0
2945.0
1042.0
2513.0
214.0
47.0
78.0
1751.0
2488.0
1519.0
965.0
440.0
234.0
1334.0
3184.0
1791.0
1586.0
649.0
861.0
1367.0
97.0
1202.0
2735.0
2674.0
2455.0
1281.0
1355.0
884.0
1117.0
470.0
717.0
459.0
971.0
2563.0
118.0
3121.0
976.0
2396.0
2946.0
88.0
2089.0
1235.0
791.0
2360.0
298.0
1285.0
3209.0
1179.0
965.0
116.0
3152.0
2707.0
1771.0
1272.0
1778.0
1998.0
1031.0
3330.0
3467.0
2409.0
1184.0
1788.0
780.0
2227.0
2085.0
313.0
1312.0
2946.0
2810.0
564.0
997.0
334.0
193.0
120.0
345.0
154.0
2945.0
88.0
902.0
391.0
2464.0
512.0
1347.0
1912.0
17.0
1593.0
1892.0
1421.0
105.0
475.0
2926.0
1901.0
861.0
401.0
560.0
825.0
3445.0
1199.0
1387.0
1444.0
317.0
2788.0
790.0
2164.0
519.0
3349.0
2718.0
124.0
1272.0
1093.0
347.0
1154.0
282.0
391.0
2112.0
199.0
1072.0
113.0
2922.0
1546.0
1196.0
1826.0
1153.0
1494.0
145.0
119.0
182.0
2642.0
1967.0
920.0
535.0
1463.0
2943.0
1788.0
1885.0
2892.0
1323.0
2554.0
101.0
390.0
2055.0
1311.0
971.0
1750.0
451.0
2437.0
383.0
857.0
1295.0
2230.0
792.0
2340.0
1810.0
2763.0
1149.0
1751.0
1180.0
199.0
1731.0
2.0
96.0
1272.0
1654.0
737.0
2066.0
2100.0
2208.0
1890.0
2415.0
1527.0
1998.0
1547.0
2024.0
3437.0
2348.0
3.0
156.0
2260.0
465.0
169.0
142.0
1428.0
2486.0
620.0
971.0
199.0
674.0
350.0
1645.0
552.0
1255.0
3285.0
846.0
2.0
171.0
2684.0
1472.0
1291.0
1985.0
1291.0
29.0
1499.0
125.0
2885.0
992.0
1654.0
3348.0
1308.0
1017.0
1142.0
1933.0
2915.0
1751.0
3458.0
418.0
190.0
868.0
378.0
560.0
2636.0
2085.0
607.0
2347.0
337.0
101.0
45.0
1967.0
2094.0
285.0
815.0
1149.0
2236.0
2756.0
1117.0
142.0
2691.0
33.0
1499.0
171.0
2999.0
1142.0
1595.0
966.0
395.0
1202.0
989.0
315.0
1926.0
2355.0
933.0
24.0
907.0
1968.0
294.0
873.0
119.0
865.0
2406.0
1429.0
1349.0
1592.0
2330.0
580.0
846.0
8.0
1046.0
1993.0
2466.0
1047.0
856.0
468.0
267.0
2353.0
965.0
3351.0
2250.0
703.0
1287.0
1398.0
48.0
88.0
171.0
112.0
729.0
1010.0
354.0
1092.0
3389.0
348.0
1564.0
335.0
3798.0
1639.0
1387.0
1630.0
538.0
866.0
468.0
154.0
3019.0
1254.0
3887.0
931.0
1113.0
112.0
3219.0
109.0
1933.0
3657.0
1743.0
189.0
1788.0
116.0
611.0
1853.0
2278.0
1916.0
101.0
739.0
390.0
170.0
2495.0
304.0
1098.0
2207.0
1505.0
2781.0
896.0
492.0
3811.0
310.0
2678.0
2016.0
2620.0
481.0
1885.0
475.0
1602.0
1526.0
392.0
1612.0
2765.0
1480.0
231.0
565.0
3543.0
3129.0
721.0
866.0
353.0
2648.0
2883.0
2154.0
1827.0
584.0
781.0
348.0
1202.0
294.0
1387.0
2367.0
565.0
1845.0
3076.0
144.0
3384.0
1675.0
538.0
3517.0
383.0
182.0
1927.0
697.0
287.0
661.0
382.0
883.0
1300.0
1190.0
114.0
486.0
511.0
249.0
2308.0
1142.0
1957.0
965.0
395.0
460.0
160.0
367.0
874.0
3220.0
507.0
103.0
896.0
564.0
112.0
104.0
535.0
924.0
2299.0
2361.0
868.0
2683.0
1271.0
267.0
2438.0
1595.0
2883.0
1117.0
1351.0
1467.0
850.0
808.0
1925.0
152.0
1199.0
1229.0
1478.0
1367.0
1291.0
600.0
1327.0
934.0
142.0
435.0
2294.0
1233.0
406.0
2356.0
1083.0
63.0
2851.0
920.0
54.0
3066.0
247.0
3288.0
2361.0
1051.0
323.0
1654.0
2756.0
101.0
24.0
933.0
3062.0
471.0
2066.0
1287.0
1886.0
2230.0
1265.0
2686.0
1178.0
2725.0
101.0
1014.0
2963.0
1146.0
1.0
2971.0
220.0
787.0
3437.0
3060.0
1141.0
3319.0
3355.0
538.0
1971.0
2131.0
193.0
1202.0
2115.0
564.0
3330.0
3047.0
2629.0
125.0
2086.0
475.0
1231.0
2967.0
763.0
247.0
2321.0
1049.0
3523.0
827.0
3355.0
11.0
1371.0
2026.0
142.0
1215.0
3050.0
492.0
1641.0
3017.0
538.0
1716.0
871.0
304.0
1223.0
417.0
1807.0
2254.0
858.0
194.0
3081.0
284.0
878.0
2265.0
3042.0
2303.0
3239.0
2495.0
1141.0
1121.0
1408.0
261.0
712.0
1751.0
1275.0
154.0
1423.0
2321.0
304.0
1280.0
1680.0
1546.0
1933.0
1595.0
471.0
170.0
1926.0
2758.0
2368.0
2227.0
815.0
803.0
3774.0
497.0
1276.0
2301.0
154.0
93.0
3361.0
965.0
2170.0
2967.0
2230.0
2329.0
750.0
1488.0
2052.0
287.0
378.0
78.0
569.0
1547.0
382.0
1472.0
362.0
345.0
169.0
3064.0
858.0
1650.0
2927.0
411.0
2652.0
813.0
468.0
53.0
2161.0
1608.0
1351.0
1927.0
888.0
3193.0
3013.0
2933.0
1351.0
784.0
1743.0
600.0
1826.0
1957.0
182.0
1731.0
812.0
2729.0
829.0
459.0
1174.0
1291.0
66.0
149.0
1200.0
3309.0
631.0
2417.0
2465.0
579.0
620.0
1978.0
112.0
1826.0
857.0
1730.0
997.0
1751.0
2574.0
1943.0
1727.0
2023.0
1467.0
287.0
3226.0
1467.0
1985.0
2607.0
1900.0
2894.0
383.0
2035.0
1577.0
1854.0
353.0
2447.0
1147.0
1345.0
1663.0
952.0
2217.0
475.0
880.0
1051.0
3335.0
1664.0
1680.0
1022.0
3058.0
902.0
1457.0
2654.0
2966.0
2092.0
2144.0
1005.0
3220.0
2154.0
71.0
3337.0
1611.0
896.0
3945.0
3550.0
475.0
912.0
841.0
3485.0
1113.0
459.0
79.0
378.0
813.0
3508.0
1979.0
2398.0
889.0
2557.0
2130.0
435.0
507.0
763.0
105.0
1750.0
607.0
902.0
2445.0
390.0
240.0
2693.0
925.0
2945.0
2379.0
276.0
221.0
1701.0
1774.0
2805.0
88.0
428.0
1926.0
2476.0
620.0
1613.0
760.0
1707.0
1184.0
2368.0
691.0
675.0
74.0
718.0
1387.0
538.0
1453.0
1664.0
233.0
116.0
471.0
1602.0
1464.0
1701.0
1218.0
2299.0
931.0
406.0
406.0
1141.0
366.0
1130.0
971.0
629.0
3063.0
127.0
806.0
931.0
378.0
3041.0
697.0
3605.0
292.0
865.0
3647.0
1215.0
1436.0
2392.0
1928.0
1654.0
119.0
853.0
3736.0
2356.0
306.0
1657.0
1927.0
320.0
2752.0
73.0
2203.0
17.0
600.0
696.0
2118.0
2200.0
610.0
1389.0
477.0
112.0
3372.0
3124.0
1168.0
680.0
521.0
471.0
580.0
1791.0
2227.0
311.0
689.0
378.0
2533.0
2886.0
559.0
1232.0
2067.0
566.0
997.0
1287.0
659.0
3146.0
1825.0
517.0
141.0
447.0
1924.0
2772.0
2283.0
2586.0
205.0
809.0
1765.0
604.0
22.0
2227.0
779.0
88.0
821.0
1372.0
1149.0
2335.0
1406.0
2863.0
543.0
3026.0
934.0
1028.0
538.0
1771.0
900.0
2227.0
1791.0
1202.0
1412.0
1686.0
17.0
30.0
2511.0
1190.0
1211.0
560.0
2613.0
1487.0
754.0
973.0
37.0
2511.0
366.0
1952.0
1305.0
48.0
711.0
284.0
529.0
323.0
391.0
2592.0
275.0
3081.0
1971.0
116.0
3087.0
1236.0
1049.0
1583.0
802.0
716.0
4052.0
1173.0
1180.0
3341.0
1748.0
2595.0
428.0
1316.0
627.0
3323.0
376.0
1196.0
2142.0
1399.0
846.0
1527.0
3183.0
932.0
691.0
546.0
1517.0
965.0
325.0
993.0
1639.0
380.0
3550.0
189.0
1345.0
2045.0
802.0
1619.0
866.0
2676.0
391.0
886.0
2417.0
406.0
712.0
2279.0
688.0
2713.0
874.0
225.0
1142.0
2160.0
3260.0
1349.0
460.0
530.0
1588.0
1511.0
1778.0
105.0
547.0
729.0
543.0
2486.0
688.0
1564.0
1475.0
95.0
2656.0
1707.0
1976.0
2207.0
2466.0
3191.0
1290.0
73.0
2727.0
1628.0
2796.0
1751.0
1148.0
142.0
85.0
921.0
220.0
3007.0
620.0
1793.0
133.0
131.0
2035.0
383.0
2719.0
3422.0
475.0
65.0
1321.0
1771.0
2818.0
2445.0
237.0
304.0
896.0
2965.0
2461.0
1471.0
1170.0
1517.0
2838.0
1331.0
973.0
282.0
564.0
565.0
261.0
823.0
391.0
145.0
444.0
2355.0
1711.0
120.0
1303.0
2355.0
2355.0
2826.0
1640.0
2461.0
538.0
665.0
3699.0
1751.0
3001.0
779.0
1600.0
616.0
1431.0
809.0
3067.0
1898.0
1681.0
403.0
1985.0
2141.0
971.0
1547.0
1495.0
1085.0
538.0
115.0
101.0
261.0
1216.0
2379.0
3309.0
1716.0
2026.0
2278.0
2104.0
460.0
2227.0
3676.0
1699.0
861.0
3572.0
103.0
75.0
2314.0
2402.0
175.0
2363.0
2113.0
631.0
705.0
47.0
1043.0
1185.0
2550.0
112.0
1950.0
460.0
487.0
664.0
3936.0
302.0
2062.0
1007.0
1146.0
366.0
2903.0
2393.0
59.0
1184.0
2800.0
2238.0
3081.0
860.0
598.0
17.0
976.0
889.0
1423.0
2850.0
2756.0
1444.0
3183.0
975.0
1645.0
2726.0
2233.0
2230.0
1578.0
3603.0
433.0
221.0
3076.0
2717.0
487.0
412.0
1926.0
1847.0
17.0
3428.0
3269.0
413.0
378.0
1016.0
241.0
350.0
502.0
3064.0
807.0
116.0
1450.0
3506.0
109.0
2153.0
33.0
1460.0
320.0
47.0
382.0
390.0
997.0
348.0
2750.0
653.0
152.0
3259.0
226.0
1317.0
1815.0
3060.0
366.0
1645.0
2249.0
119.0
2163.0
3365.0
24.0
1608.0
404.0
266.0
184.0
1266.0
3141.0
2355.0
855.0
1017.0
976.0
1463.0
1496.0
145.0
97.0
1768.0
3433.0
2570.0
1051.0
2066.0
764.0
2082.0
3220.0
3428.0
2016.0
2717.0
299.0
3331.0
691.0
1612.0
467.0
521.0
3191.0
2535.0
646.0
2041.0
1487.0
507.0
125.0
1290.0
1588.0
697.0
1846.0
70.0
382.0
1240.0
2598.0
1527.0
662.0
88.0
3134.0
886.0
141.0
565.0
926.0
2665.0
3201.0
2016.0
134.0
698.0
261.0
1872.0
1829.0
33.0
1689.0
3187.0
1770.0
26.0
3523.0
1534.0
1645.0
2014.0
2901.0
2482.0
2434.0
205.0
3811.0
2082.0
360.0
3043.0
337.0
1173.0
2400.0
766.0
2068.0
2109.0
937.0
2525.0
3560.0
70.0
2209.0
3409.0
1721.0
671.0
854.0
1851.0
3076.0
2450.0
261.0
2299.0
838.0
2201.0
1689.0
2508.0
287.0
535.0
823.0
2142.0
3132.0
323.0
1090.0
466.0
267.0
2478.0
538.0
997.0
1290.0
182.0
1397.0
2109.0
2428.0
1574.0
3896.0
3166.0
2951.0
119.0
3235.0
325.0
601.0
7.0
1319.0
1399.0
535.0
483.0
2016.0
1996.0
3349.0
600.0
1783.0
2967.0
1751.0
86.0
1331.0
3315.0
1751.0
304.0
887.0
3523.0
1640.0
1117.0
616.0
3078.0
3520.0
2356.0
282.0
1576.0
2800.0
1825.0
2479.0
156.0
1926.0
2643.0
213.0
1334.0
886.0
1114.0
174.0
2820.0
266.0
390.0
304.0
2643.0
2740.0
3066.0
697.0
1195.0
971.0
3440.0
3433.0
302.0
160.0
458.0
125.0
1534.0
320.0
538.0
451.0
304.0
3891.0
225.0
2489.0
1303.0
3849.0
1615.0
1022.0
441.0
678.0
2566.0
1511.0
2808.0
118.0
1553.0
3140.0
1202.0
75.0
157.0
416.0
1529.0
333.0
3242.0
565.0
2353.0
2951.0
2948.0
3434.0
941.0
1832.0
1226.0
1408.0
475.0
779.0
604.0
535.0
1432.0
883.0
1523.0
114.0
2200.0
1860.0
310.0
557.0
1331.0
3226.0
261.0
2648.0
261.0
101.0
750.0
2534.0
1092.0
2834.0
1887.0
3219.0
3187.0
2086.0
1397.0
535.0
1592.0
403.0
2468.0
1055.0
418.0
1259.0
286.0
1119.0
585.0
238.0
471.0
1004.0
1522.0
159.0
941.0
275.0
1023.0
907.0
1975.0
221.0
2249.0
2759.0
3211.0
1055.0
989.0
1349.0
1334.0
2581.0
604.0
1845.0
3356.0
1149.0
487.0
105.0
1207.0
1373.0
366.0
3146.0
348.0
3076.0
147.0
507.0
1314.0
3924.0
2853.0
499.0
116.0
738.0
3539.0
2086.0
591.0
997.0
2355.0
333.0
2227.0
30.0
1337.0
2822.0
192.0
728.0
2067.0
543.0
355.0
414.0
3219.0
1715.0
1405.0
1150.0
3148.0
395.0
1678.0
924.0
613.0
78.0
755.0
302.0
2942.0
1141.0
1751.0
1946.0
2393.0
2075.0
103.0
1641.0
1926.0
33.0
719.0
1825.0
1022.0
348.0
2435.0
3226.0
2355.0
2885.0
383.0
2090.0
1610.0
876.0
741.0
1721.0
3508.0
518.0
119.0
2068.0
88.0
3309.0
2689.0
1051.0
1645.0
3139.0
425.0
1615.0
1406.0
3679.0
2717.0
1943.0
337.0
2128.0
2222.0
471.0
2557.0
2127.0
1487.0
2951.0
1043.0
3066.0
2283.0
883.0
521.0
118.0
2228.0
1751.0
2090.0
30.0
1179.0
1595.0
584.0
1141.0
2365.0
3508.0
2299.0
3041.0
523.0
63.0
2373.0
2323.0
2076.0
17.0
1461.0
866.0
535.0
154.0
816.0
896.0
298.0
1953.0
1125.0
2114.0
1511.0
348.0
3499.0
232.0
2327.0
189.0
2295.0
174.0
78.0
302.0
113.0
116.0
3289.0
1957.0
2166.0
353.0
1778.0
1933.0
1946.0
113.0
1290.0
154.0
920.0
606.0
974.0
2986.0
2104.0
691.0
2793.0
1107.0
1436.0
3643.0
553.0
529.0
583.0
2356.0
3690.0
2567.0
26.0
2756.0
507.0
2500.0
1371.0
325.0
390.0
2691.0
907.0
1557.0
2154.0
1496.0
1968.0
353.0
190.0
2996.0
1914.0
210.0
1763.0
390.0
390.0
2826.0
3187.0
1563.0
406.0
886.0
382.0
744.0
1967.0
47.0
1297.0
287.0
112.0
390.0
88.0
1404.0
406.0
79.0
101.0
2049.0
1592.0
3448.0
1179.0
965.0
1312.0
466.0
1334.0
2511.0
1872.0
543.0
543.0
185.0
1041.0
712.0
2782.0
1079.0
2046.0
2354.0
468.0
66.0
1712.0
1671.0
477.0
2356.0
431.0
2495.0
2864.0
2349.0
712.0
1076.0
1381.0
2946.0
1564.0
761.0
1617.0
3220.0
3220.0
182.0
813.0
91.0
3378.0
116.0
565.0
2278.0
1660.0
1202.0
837.0
1203.0
97.0
2130.0
2422.0
2929.0
2728.0
971.0
2455.0
78.0
602.0
1542.0
1338.0
1043.0
1051.0
1546.0
2128.0
2683.0
2028.0
3288.0
1392.0
2743.0
2802.0
1864.0
2320.0
2769.0
295.0
2642.0
1701.0
1600.0
2148.0
1107.0
24.0
650.0
1303.0
1527.0
565.0
1310.0
1250.0
2800.0
391.0
779.0
1337.0
1677.0
2230.0
3403.0
199.0
2066.0
189.0
588.0
2497.0
2239.0
395.0
521.0
3851.0
2046.0
634.0
1620.0
3440.0
572.0
685.0
869.0
3310.0
550.0
1031.0
607.0
382.0
47.0
1119.0
475.0
896.0
475.0
1676.0
493.0
1119.0
1927.0
1726.0
565.0
1620.0
2597.0
679.0
3134.0
378.0
1146.0
3565.0
1513.0
2.0
2717.0
3225.0
199.0
1486.0
1751.0
391.0
166.0
3232.0
2230.0
45.0
174.0
1774.0
1015.0
1355.0
685.0
3064.0
390.0
3195.0
210.0
264.0
989.0
737.0
552.0
381.0
745.0
2050.0
1925.0
1781.0
362.0
2443.0
963.0
390.0
101.0
348.0
2661.0
2012.0
3321.0
694.0
232.0
3976.0
360.0
75.0
448.0
1702.0
1243.0
2256.0
3191.0
868.0
2374.0
2177.0
2972.0
304.0
2355.0
1060.0
1291.0
2815.0
1387.0
2166.0
119.0
1210.0
3481.0
2933.0
2128.0
1163.0
2772.0
2282.0
116.0
115.0
585.0
3260.0
1844.0
225.0
2126.0
1232.0
1821.0
199.0
701.0
163.0
1041.0
593.0
119.0
3226.0
2946.0
3476.0
914.0
2789.0
2557.0
863.0
1212.0
1546.0
2500.0
1069.0
3520.0
1281.0
2945.0
3571.0
182.0
1224.0
931.0
3289.0
1166.0
3696.0
2885.0
297.0
701.0
174.0
2154.0
2674.0
1206.0
726.0
3556.0
518.0
2833.0
3857.0
1482.0
564.0
158.0
757.0
171.0
3288.0
375.0
1463.0
1925.0
169.0
158.0
3492.0
3054.0
390.0
1376.0
1772.0
380.0
860.0
540.0
2207.0
965.0
1826.0
406.0
1774.0
318.0
691.0
902.0
3553.0
992.0
2427.0
734.0
1721.0
2471.0
1291.0
1243.0
832.0
2717.0
2690.0
15.0
495.0
628.0
3017.0
1148.0
2278.0
1346.0
1338.0
249.0
965.0
672.0
3150.0
365.0
1305.0
1592.0
540.0
112.0
383.0
3288.0
225.0
2066.0
2222.0
2824.0
2343.0
2413.0
653.0
1494.0
1487.0
528.0
2374.0
2279.0
2390.0
152.0
1544.0
1167.0
320.0
130.0
101.0
2016.0
1047.0
270.0
1170.0
3689.0
1321.0
1373.0
428.0
535.0
103.0
2945.0
252.0
247.0
2476.0
428.0
142.0
3062.0
493.0
946.0
2375.0
592.0
800.0
2076.0
760.0
1785.0
108.0
890.0
2444.0
218.0
210.0
475.0
560.0
182.0
199.0
3601.0
119.0
2763.0
77.0
1595.0
1660.0
674.0
2566.0
546.0
2711.0
1801.0
163.0
78.0
1592.0
2319.0
3429.0
261.0
119.0
70.0
565.0
2419.0
1971.0
691.0
1017.0
2321.0
604.0
1243.0
2246.0
865.0
94.0
856.0
553.0
117.0
2679.0
1999.0
535.0
1592.0
1202.0
2347.0
3474.0
1901.0
400.0
1125.0
48.0
595.0
1047.0
1483.0
874.0
1365.0
543.0
1495.0
622.0
3047.0
971.0
494.0
88.0
1592.0
1208.0
1598.0
1641.0
1287.0
1334.0
150.0
1499.0
2883.0
872.0
2261.0
1290.0
742.0
2355.0
366.0
299.0
1406.0
2764.0
1298.0
1369.0
1760.0
965.0
1527.0
763.0
1542.0
1190.0
1164.0
593.0
434.0
3403.0
614.0
304.0
2388.0
761.0
102.0
3226.0
33.0
1328.0
1536.0
3086.0
565.0
2227.0
1645.0
2227.0
382.0
2528.0
1645.0
1109.0
482.0
2590.0
1598.0
1043.0
391.0
1681.0
2756.0
210.0
657.0
896.0
101.0
720.0
103.0
1586.0
1142.0
448.0
2082.0
791.0
1287.0
26.0
142.0
1290.0
1637.0
2907.0
3069.0
1412.0
2692.0
261.0
2232.0
282.0
828.0
731.0
763.0
1170.0
383.0
2093.0
2025.0
3428.0
390.0
1750.0
48.0
2967.0
147.0
118.0
1731.0
2113.0
391.0
1172.0
1195.0
592.0
1170.0
1643.0
1818.0
390.0
476.0
2230.0
932.0
1505.0
2356.0
3750.0
543.0
2946.0
1831.0
672.0
1374.0
406.0
2756.0
926.0
3508.0
1306.0
227.0
784.0
112.0
1846.0
2019.0
2448.0
1190.0
282.0
755.0
2066.0
326.0
1281.0
2236.0
3523.0
565.0
716.0
1179.0
199.0
199.0
3973.0
2299.0
3792.0
3191.0
1229.0
1770.0
1389.0
348.0
305.0
2960.0
3959.0
169.0
333.0
1701.0
1750.0
3687.0
2001.0
838.0
1371.0
1314.0
2799.0
1778.0
1995.0
2227.0
3069.0
2447.0
1416.0
1027.0
1957.0
2254.0
224.0
1748.0
2066.0
2271.0
2355.0
791.0
298.0
1804.0
1892.0
390.0
171.0
2592.0
964.0
3139.0
1204.0
1659.0
465.0
614.0
2411.0
1366.0
896.0
48.0
2172.0
975.0
2800.0
2615.0
1654.0
538.0
1954.0
210.0
1513.0
943.0
2054.0
105.0
174.0
553.0
1290.0
2051.0
171.0
1496.0
1827.0
2493.0
2691.0
2434.0
1753.0
1198.0
745.0
1927.0
1527.0
1335.0
2780.0
2467.0
1017.0
103.0
1855.0
997.0
1290.0
2228.0
1475.0
865.0
1509.0
487.0
657.0
872.0
2046.0
2092.0
828.0
1462.0
1615.0
1637.0
763.0
579.0
17.0
2636.0
3147.0
543.0
1271.0
620.0
1496.0
118.0
2691.0
2235.0
2462.0
1534.0
1683.0
1680.0
119.0
2967.0
56.0
1215.0
2166.0
284.0
1826.0
487.0
64.0
1269.0
3134.0
2742.0
785.0
1055.0
538.0
88.0
366.0
101.0
672.0
2967.0
1337.0
37.0
48.0
2989.0
325.0
678.0
2094.0
145.0
648.0
701.0
109.0
101.0
3064.0
1614.0
2955.0
87.0
1019.0
1612.0
249.0
288.0
101.0
825.0
270.0
550.0
2379.0
1083.0
2642.0
391.0
3007.0
1961.0
117.0
1329.0
134.0
2162.0
1872.0
2864.0
1844.0
304.0
1510.0
1170.0
1313.0
1166.0
1826.0
2851.0
2294.0
199.0
1826.0
1334.0
2421.0
247.0
861.0
1863.0
889.0
348.0
720.0
826.0
1952.0
450.0
2129.0
3041.0
534.0
697.0
1534.0
366.0
2396.0
1641.0
2142.0
378.0
976.0
261.0
390.0
538.0
47.0
1173.0
2805.0
2154.0
2279.0
1232.0
2016.0
1883.0
2104.0
1829.0
1884.0
1645.0
1296.0
588.0
1389.0
1543.0
1240.0
1553.0
3007.0
2472.0
620.0
1804.0
3707.0
717.0
1173.0
110.0
2679.0
1184.0
403.0
588.0
391.0
697.0
2503.0
865.0
584.0
1804.0
1805.0
1995.0
1148.0
1375.0
565.0
1466.0
781.0
1779.0
2339.0
2221.0
598.0
281.0
2091.0
1142.0
2154.0
391.0
976.0
1638.0
420.0
2173.0
3506.0
3516.0
553.0
1640.0
971.0
2057.0
591.0
736.0
1109.0
1469.0
598.0
2946.0
3309.0
298.0
699.0
390.0
831.0
174.0
17.0
525.0
1050.0
992.0
2279.0
857.0
1826.0
1711.0
75.0
1053.0
1671.0
2642.0
2121.0
3026.0
2435.0
1826.0
521.0
3076.0
1147.0
2943.0
519.0
1349.0
3183.0
3928.0
3076.0
182.0
277.0
149.0
2673.0
2904.0
78.0
88.0
2200.0
261.0
2991.0
725.0
2055.0
2085.0
1576.0
428.0
487.0
3689.0
2163.0
1831.0
2763.0
1925.0
1373.0
173.0
261.0
1557.0
2974.0
304.0
88.0
983.0
2249.0
730.0
2447.0
382.0
688.0
2070.0
769.0
340.0
47.0
896.0
1698.0
1335.0
2041.0
690.0
653.0
1199.0
3142.0
1639.0
367.0
393.0
1063.0
500.0
1004.0
237.0
199.0
997.0
1925.0
3706.0
2277.0
694.0
2501.0
1328.0
1573.0
85.0
538.0
171.0
3026.0
3557.0
2109.0
1387.0
2591.0
170.0
1832.0
535.0
193.0
2513.0
3052.0
1167.0
896.0
1134.0
2064.0
1334.0
3007.0
1815.0
471.0
1005.0
320.0
620.0
3526.0
304.0
3489.0
1694.0
3011.0
697.0
965.0
2274.0
1281.0
2085.0
24.0
348.0
2496.0
1173.0
769.0
1202.0
580.0
26.0
965.0
1798.0
1598.0
2885.0
1139.0
565.0
1337.0
82.0
738.0
390.0
3026.0
78.0
1608.0
325.0
1054.0
993.0
3677.0
1141.0
601.0
125.0
2366.0
1707.0
1231.0
831.0
680.0
2170.0
2447.0
2459.0
564.0
2886.0
182.0
971.0
1748.0
340.0
1067.0
112.0
166.0
348.0
521.0
749.0
2655.0
1109.0
109.0
874.0
1595.0
1978.0
1030.0
1043.0
3343.0
997.0
436.0
395.0
2765.0
119.0
1199.0
2132.0
871.0
3226.0
1872.0
52.0
243.0
1595.0
493.0
2967.0
3040.0
3637.0
2651.0
1933.0
3436.0
395.0
1928.0
2360.0
26.0
318.0
754.0
1750.0
205.0
1287.0
1012.0
2045.0
514.0
2787.0
119.0
3392.0
112.0
1179.0
171.0
1546.0
205.0
660.0
168.0
2778.0
282.0
1064.0
1221.0
1202.0
1303.0
821.0
1948.0
3081.0
402.0
323.0
569.0
2179.0
1809.0
1832.0
112.0
2403.0
2676.0
1055.0
1833.0
2894.0
2251.0
249.0
914.0
971.0
2035.0
45.0
2256.0
684.0
1592.0
763.0
2371.0
275.0
934.0
390.0
974.0
330.0
1512.0
886.0
423.0
2887.0
1446.0
1581.0
1517.0
1369.0
65.0
2752.0
169.0
182.0
102.0
3340.0
2717.0
3025.0
1751.0
779.0
2279.0
815.0
1367.0
357.0
1832.0
516.0
1922.0
848.0
366.0
48.0
1576.0
3264.0
174.0
2417.0
1859.0
585.0
1631.0
2483.0
1466.0
459.0
2355.0
521.0
2583.0
881.0
688.0
1061.0
366.0
518.0
1016.0
2818.0
1325.0
1648.0
2993.0
1141.0
2066.0
1046.0
119.0
1117.0
2303.0
976.0
3509.0
2104.0
3553.0
458.0
2014.0
54.0
70.0
1098.0
261.0
2422.0
553.0
3163.0
2265.0
78.0
1349.0
1083.0
3355.0
883.0
2761.0
1291.0
571.0
17.0
1325.0
1212.0
2028.0
886.0
2052.0
1546.0
3248.0
865.0
430.0
3302.0
2946.0
2297.0
1560.0
101.0
1232.0
220.0
261.0
1597.0
2756.0
1314.0
100.0
419.0
2091.0
886.0
3657.0
101.0
2800.0
2520.0
2187.0
316.0
896.0
543.0
2365.0
1127.0
729.0
4008.0
182.0
2629.0
3523.0
2455.0
53.0
333.0
501.0
380.0
1498.0
118.0
2417.0
727.0
2278.0
92.0
595.0
639.0
147.0
1927.0
1083.0
11.0
514.0
498.0
2996.0
88.0
2957.0
2011.0
1753.0
3123.0
287.0
560.0
908.0
1243.0
2187.0
260.0
1305.0
82.0
460.0
574.0
2187.0
101.0
2948.0
471.0
1024.0
85.0
275.0
119.0
366.0
3076.0
470.0
1331.0
2187.0
1598.0
297.0
553.0
2338.0
976.0
971.0
3026.0
2946.0
468.0
516.0
2007.0
116.0
1013.0
607.0
854.0
589.0
1814.0
861.0
607.0
1832.0
121.0
2064.0
1616.0
507.0
564.0
252.0
2867.0
962.0
1397.0
428.0
1224.0
26.0
1674.0
2661.0
829.0
304.0
591.0
275.0
1017.0
2731.0
17.0
1233.0
1017.0
1149.0
116.0
1109.0
2130.0
3232.0
2066.0
335.0
3996.0
543.0
3064.0
763.0
160.0
1750.0
2445.0
2714.0
1971.0
1355.0
492.0
2347.0
112.0
2260.0
47.0
973.0
1901.0
554.0
302.0
2112.0
812.0
2170.0
564.0
231.0
189.0
2230.0
3220.0
1196.0
1329.0
1255.0
697.0
3472.0
637.0
214.0
101.0
887.0
2673.0
1017.0
1832.0
690.0
244.0
876.0
1012.0
3260.0
2016.0
88.0
2796.0
2264.0
1901.0
2069.0
1968.0
2444.0
2028.0
382.0
438.0
3507.0
1672.0
118.0
2495.0
3436.0
2020.0
911.0
383.0
1308.0
782.0
1355.0
2756.0
1466.0
543.0
1134.0
1651.0
2278.0
334.0
1051.0
269.0
65.0
2717.0
2268.0
3355.0
265.0
366.0
2119.0
2463.0
5.0
2742.0
30.0
2154.0
1199.0
915.0
313.0
902.0
2279.0
152.0
3746.0
514.0
1804.0
1133.0
622.0
1049.0
939.0
2227.0
119.0
1109.0
48.0
2989.0
538.0
1154.0
971.0
362.0
1836.0
820.0
2144.0
1602.0
1900.0
893.0
1643.0
2946.0
470.0
3349.0
237.0
1592.0
326.0
3658.0
2082.0
564.0
683.0
17.0
2573.0
2685.0
2728.0
1007.0
1790.0
2358.0
1557.0
2277.0
846.0
46.0
950.0
1952.0
199.0
1914.0
842.0
270.0
973.0
1224.0
934.0
1373.0
2896.0
105.0
931.0
1147.0
470.0
1504.0
43.0
1416.0
3224.0
593.0
2179.0
252.0
971.0
3078.0
2152.0
395.0
3152.0
116.0
428.0
2341.0
1757.0
3110.0
2045.0
3219.0
1519.0
879.0
480.0
112.0
1107.0
1215.0
1170.0
3427.0
1511.0
861.0
494.0
2598.0
3066.0
26.0
1527.0
1017.0
2511.0
1464.0
716.0
3356.0
620.0
3302.0
838.0
14.0
119.0
1038.0
1633.0
4053.0
1957.0
1788.0
426.0
123.0
1750.0
965.0
1173.0
381.0
896.0
1291.0
538.0
3588.0
37.0
493.0
899.0
1625.0
1674.0
1547.0
2756.0
1287.0
2170.0
189.0
727.0
1349.0
471.0
83.0
3.0
1139.0
2230.0
646.0
2279.0
1623.0
2278.0
3146.0
1137.0
3238.0
103.0
801.0
2114.0
199.0
1868.0
2689.0
1926.0
3026.0
2129.0
96.0
2867.0
1755.0
471.0
1993.0
1972.0
380.0
781.0
1592.0
302.0
2091.0
757.0
2560.0
538.0
2678.0
1190.0
2459.0
538.0
2279.0
971.0
2227.0
1885.0
3226.0
306.0
1602.0
2677.0
2511.0
182.0
390.0
174.0
2104.0
41.0
971.0
2112.0
1832.0
1872.0
375.0
26.0
322.0
1134.0
304.0
2046.0
965.0
657.0
1388.0
1147.0
780.0
531.0
199.0
17.0
1232.0
46.0
459.0
1832.0
2160.0
2628.0
1573.0
1463.0
2012.0
88.0
2.0
287.0
2448.0
1195.0
3226.0
1545.0
879.0
1527.0
1605.0
1779.0
174.0
124.0
618.0
3001.0
1055.0
1408.0
310.0
2014.0
1142.0
519.0
538.0
390.0
378.0
965.0
1549.0
406.0
2799.0
26.0
1933.0
142.0
413.0
1281.0
965.0
2199.0
1098.0
670.0
1781.0
518.0
1971.0
1119.0
1040.0
2233.0
1726.0
1150.0
2390.0
2483.0
254.0
33.0
2435.0
406.0
2227.0
1300.0
1812.0
606.0
1356.0
3440.0
2621.0
1349.0
377.0
674.0
2392.0
846.0
17.0
3176.0
1790.0
1973.0
965.0
620.0
896.0
1933.0
144.0
119.0
382.0
1771.0
17.0
1290.0
2593.0
604.0
3041.0
275.0
1779.0
714.0
2390.0
411.0
387.0
1703.0
1167.0
2355.0
2633.0
510.0
116.0
712.0
664.0
2713.0
333.0
1731.0
1716.0
1894.0
2036.0
1623.0
1440.0
1703.0
276.0
2717.0
1751.0
314.0
2936.0
2448.0
323.0
3079.0
1026.0
526.0
301.0
468.0
2876.0
1751.0
475.0
593.0
1545.0
2164.0
1978.0
2303.0
186.0
410.0
210.0
3744.0
1308.0
673.0
766.0
2068.0
600.0
154.0
1683.0
234.0
1401.0
390.0
997.0
592.0
1140.0
2046.0
3174.0
356.0
1594.0
564.0
2945.0
1278.0
1154.0
538.0
1083.0
2674.0
546.0
685.0
391.0
565.0
154.0
911.0
1998.0
1486.0
1844.0
681.0
2045.0
66.0
3309.0
865.0
506.0
1511.0
897.0
433.0
1975.0
1811.0
83.0
11.0
266.0
112.0
1382.0
130.0
915.0
1546.0
24.0
2279.0
3829.0
1826.0
468.0
1348.0
573.0
2523.0
60.0
136.0
737.0
872.0
2112.0
458.0
2257.0
1027.0
1902.0
3041.0
115.0
2485.0
3226.0
475.0
1119.0
475.0
1299.0
3820.0
1527.0
897.0
620.0
749.0
3600.0
145.0
2806.0
174.0
1625.0
1177.0
270.0
1066.0
1846.0
391.0
3066.0
51.0
1254.0
580.0
825.0
2894.0
261.0
865.0
1179.0
2198.0
3330.0
1859.0
3355.0
1826.0
1410.0
620.0
2450.0
2183.0
475.0
282.0
2465.0
390.0
1897.0
2299.0
3578.0
1355.0
3470.0
3291.0
1779.0
2099.0
1469.0
260.0
3025.0
2495.0
2704.0
171.0
94.0
565.0
665.0
1293.0
1328.0
2154.0
1202.0
828.0
2922.0
2991.0
1750.0
33.0
599.0
755.0
2800.0
1885.0
2249.0
470.0
2338.0
2751.0
1373.0
1674.0
199.0
428.0
2233.0
1846.0
1148.0
507.0
1131.0
101.0
266.0
3015.0
468.0
1293.0
1527.0
2470.0
205.0
2800.0
2068.0
896.0
1030.0
1078.0
428.0
565.0
2261.0
2878.0
1779.0
1190.0
2274.0
182.0
171.0
815.0
2127.0
182.0
1092.0
3578.0
2179.0
189.0
2472.0
1202.0
1047.0
2587.0
696.0
1032.0
3257.0
869.0
382.0
1509.0
1531.0
525.0
1933.0
691.0
3041.0
249.0
1195.0
138.0
2007.0
475.0
468.0
2090.0
2264.0
1975.0
1669.0
1517.0
3291.0
863.0
1791.0
3310.0
1387.0
891.0
471.0
1043.0
26.0
132.0
1690.0
569.0
306.0
538.0
237.0
1927.0
2001.0
1120.0
1074.0
2310.0
901.0
277.0
1798.0
2277.0
2713.0
173.0
1861.0
2200.0
1012.0
91.0
646.0
2675.0
616.0
4039.0
2496.0
3523.0
2644.0
487.0
302.0
2279.0
1192.0
1200.0
971.0
2713.0
1926.0
347.0
470.0
1677.0
2050.0
345.0
2830.0
1639.0
145.0
3066.0
2743.0
1461.0
992.0
3043.0
2480.0
287.0
1078.0
3550.0
214.0
2999.0
988.0
88.0
275.0
620.0
3049.0
1192.0
3417.0
1986.0
2824.0
2985.0
1179.0
795.0
2423.0
237.0
3302.0
2028.0
323.0
564.0
78.0
1547.0
1212.0
1104.0
2303.0
1995.0
2118.0
215.0
17.0
1387.0
48.0
199.0
295.0
2642.0
1615.0
1169.0
2778.0
1573.0
1598.0
487.0
2068.0
1232.0
494.0
971.0
3037.0
1329.0
2435.0
1781.0
1392.0
92.0
731.0
2356.0
3657.0
220.0
853.0
1976.0
275.0
1290.0
1311.0
2601.0
1740.0
920.0
1076.0
101.0
147.0
2957.0
660.0
1123.0
1387.0
2294.0
2476.0
712.0
377.0
2567.0
1498.0
565.0
2200.0
2260.0
112.0
521.0
564.0
2312.0
722.0
442.0
1613.0
2967.0
565.0
1231.0
3916.0
1842.0
1187.0
439.0
2331.0
1444.0
2099.0
1751.0
681.0
1235.0
249.0
934.0
3359.0
1352.0
1229.0
3721.0
2949.0
784.0
846.0
1286.0
401.0
1721.0
1448.0
410.0
1110.0
169.0
323.0
1104.0
2160.0
3.0
30.0
806.0
312.0
549.0
1184.0
2239.0
857.0
592.0
965.0
678.0
3191.0
1184.0
1140.0
1361.0
2796.0
1098.0
3849.0
573.0
672.0
781.0
607.0
869.0
501.0
1669.0
1188.0
1013.0
3508.0
2756.0
2496.0
428.0
2765.0
897.0
2068.0
1043.0
2014.0
2356.0
1901.0
1975.0
1372.0
1184.0
896.0
609.0
88.0
3150.0
382.0
391.0
688.0
1592.0
18.0
142.0
459.0
2718.0
755.0
751.0
267.0
1846.0
696.0
1695.0
45.0
275.0
2070.0
694.0
3212.0
1216.0
3012.0
390.0
813.0
712.0
2347.0
1254.0
965.0
684.0
1310.0
3644.0
2356.0
2481.0
175.0
629.0
1885.0
13.0
600.0
2303.0
2297.0
670.0
2541.0
1157.0
1771.0
815.0
26.0
1993.0
237.0
17.0
30.0
3472.0
1594.0
821.0
1534.0
879.0
1463.0
3134.0
320.0
2994.0
3671.0
1615.0
1171.0
472.0
113.0
2892.0
1598.0
2742.0
2967.0
3064.0
56.0
1527.0
2926.0
1795.0
81.0
565.0
2222.0
113.0
2230.0
1150.0
75.0
1142.0
965.0
2299.0
261.0
2240.0
1742.0
1408.0
1727.0
716.0
116.0
382.0
199.0
678.0
1863.0
233.0
1933.0
160.0
1263.0
3149.0
1462.0
54.0
1202.0
2356.0
2496.0
2016.0
1043.0
1153.0
3264.0
1204.0
920.0
1391.0
1334.0
2235.0
1148.0
390.0
1410.0
1392.0
846.0
235.0
1389.0
1557.0
169.0
949.0
33.0
1367.0
1232.0
3756.0
2513.0
2112.0
1743.0
3026.0
3560.0
2104.0
494.0
199.0
1751.0
688.0
2303.0
3138.0
174.0
1022.0
428.0
101.0
1243.0
2374.0
1098.0
3507.0
1825.0
1055.0
2433.0
11.0
324.0
2756.0
1971.0
890.0
907.0
1612.0
538.0
1615.0
1751.0
470.0
378.0
2353.0
1593.0
182.0
1877.0
598.0
1852.0
3237.0
1291.0
1140.0
117.0
88.0
1700.0
3737.0
458.0
1160.0
2230.0
2094.0
950.0
487.0
1239.0
1128.0
1215.0
975.0
2817.0
600.0
750.0
2001.0
2765.0
3086.0
2179.0
2611.0
775.0
109.0
1215.0
1825.0
2319.0
492.0
116.0
116.0
1047.0
153.0
2168.0
1232.0
911.0
391.0
1986.0
1204.0
252.0
874.0
3327.0
366.0
2854.0
3539.0
1527.0
1815.0
101.0
2321.0
2308.0
210.0
2991.0
538.0
1422.0
2717.0
652.0
57.0
1576.0
82.0
659.0
907.0
3124.0
2912.0
812.0
383.0
997.0
604.0
1846.0
2644.0
1694.0
1534.0
1418.0
1797.0
3124.0
1592.0
1141.0
2356.0
1831.0
3486.0
2092.0
2143.0
2157.0
1005.0
2826.0
35.0
48.0
2308.0
950.0
182.0
560.0
755.0
1157.0
1272.0
1331.0
477.0
1053.0
486.0
249.0
1349.0
3553.0
674.0
3183.0
119.0
1119.0
3507.0
122.0
2082.0
1211.0
104.0
1707.0
3639.0
2826.0
1199.0
829.0
2179.0
116.0
2.0
1300.0
118.0
2130.0
2778.0
2261.0
2016.0
1221.0
1901.0
2567.0
1410.0
2511.0
1169.0
1810.0
744.0
576.0
1689.0
1927.0
3520.0
3139.0
26.0
3482.0
174.0
3341.0
1017.0
3848.0
2150.0
616.0
855.0
1210.0
3467.0
487.0
152.0
3343.0
3125.0
468.0
997.0
1421.0
897.0
1717.0
693.0
2867.0
1290.0
2884.0
2444.0
2066.0
965.0
304.0
149.0
154.0
2144.0
2104.0
1281.0
2310.0
2274.0
3009.0
1389.0
227.0
2164.0
1826.0
606.0
690.0
807.0
535.0
2133.0
3122.0
241.0
487.0
1147.0
1085.0
486.0
1255.0
1557.0
2822.0
712.0
538.0
47.0
275.0
3440.0
3553.0
649.0
2495.0
983.0
2806.0
1971.0
119.0
3580.0
3.0
116.0
2016.0
2495.0
1928.0
771.0
580.0
45.0
924.0
2450.0
1017.0
91.0
1933.0
2892.0
1393.0
2718.0
2114.0
766.0
1968.0
1716.0
2001.0
522.0
2495.0
116.0
2086.0
3302.0
3195.0
154.0
2154.0
3076.0
880.0
722.0
1349.0
543.0
2066.0
691.0
1660.0
896.0
2839.0
1043.0
433.0
2071.0
3069.0
595.0
1933.0
543.0
807.0
281.0
1046.0
468.0
1640.0
1146.0
3041.0
1751.0
2673.0
1448.0
3402.0
886.0
865.0
3291.0
1422.0
538.0
225.0
88.0
2299.0
1837.0
3541.0
367.0
893.0
103.0
1031.0
2945.0
1793.0
1788.0
3288.0
1047.0
976.0
679.0
516.0
538.0
4036.0
582.0
2066.0
477.0
3454.0
475.0
1202.0
2172.0
2200.0
406.0
639.0
894.0
2892.0
1293.0
2764.0
984.0
76.0
2447.0
1262.0
3045.0
2016.0
3064.0
1602.0
78.0
546.0
1300.0
1259.0
2230.0
2233.0
2023.0
380.0
1310.0
399.0
501.0
828.0
738.0
2885.0
1805.0
3523.0
1190.0
2134.0
2101.0
470.0
170.0
736.0
1173.0
620.0
1926.0
1179.0
1993.0
965.0
2355.0
3219.0
402.0
160.0
33.0
1232.0
1346.0
1211.0
1613.0
1475.0
215.0
2.0
2800.0
2040.0
220.0
105.0
475.0
199.0
1834.0
88.0
554.0
2517.0
1723.0
2288.0
1962.0
2513.0
1592.0
397.0
2356.0
1547.0
2155.0
10.0
858.0
81.0
825.0
893.0
549.0
564.0
2591.0
383.0
543.0
1310.0
1595.0
376.0
712.0
5.0
2608.0
1680.0
1216.0
160.0
1401.0
1547.0
1608.0
861.0
2114.0
2517.0
325.0
47.0
119.0
2294.0
142.0
856.0
2163.0
475.0
1140.0
1005.0
430.0
1324.0
1147.0
890.0
267.0
1231.0
1196.0
3289.0
3124.0
1075.0
1232.0
2023.0
1751.0
116.0
3605.0
459.0
1365.0
760.0
1355.0
1202.0
2924.0
160.0
3561.0
3191.0
3368.0
472.0
69.0
2390.0
3139.0
1337.0
182.0
130.0
785.0
2357.0
1172.0
1499.0
1408.0
1199.0
3139.0
37.0
471.0
3183.0
2864.0
965.0
853.0
1137.0
103.0
398.0
1170.0
1367.0
270.0
2946.0
1995.0
231.0
406.0
2230.0
984.0
1927.0
1750.0
1546.0
