2453
1522
2157
588
2444
1506
1694
420
2073
1121
2076
1083
1341
1316
1316
2308
2131
1316
1316
1967
1891
2461
2133
2207
1876
1606
2282
2282
2239
2239
2436
2436
1516
1156
1016
505
2119
2094
2094
2094
2383
2246
966
2124
1754
2065
1754
1754
1736
1870
1743
1579
1357
2016
2016
2037
1071
664
1791
1791
2248
2195
1392
1527
2403
1731
1731
2347
2091
1901
700
2229
1899
2343
1609
1253
1429
1832
2201
2427
2106
1237
292
921
2316
1208
1653
2058
2058
2211
2443
1851
2198
1273
2062
1528
1563
1380
823
823
823
2125
1873
2098
1173
1833
1248
1107
1481
877
1398
2053
1398
2130
1456
1649
2308
2088
2423
2423
566
2195
446
2275
1149
811
2001
564
1984
2195
923
2228
981
1082
1977
1911
1644
1484
1910
1935
1004
2418
1896
2394
2302
1533
1533
1765
2433
2002
1313
1848
1496
675
675
1976
2415
1191
2228
1191
1431
2161
2161
2161
375
2455
2408
2408
2178
1923
1237
2008
2449
2449
1793
1793
1681
2076
1776
1397
2051
814
2067
1047
1203
1490
2288
1493
2385
866
1102
2040
669
1744
2135
1000
1289
707
2248
2448
1098
1098
1638
2106
2322
361
2241
1788
1996
988
2387
933
2447
2391
2250
2101
244
1716
1025
2353
866
2476
1874
1519
1519
2474
2045
2062
1320
2343
1103
1103
1817
1103
1168
1424
125
1996
2182
2182
2182
532
2142
2360
1161
2105
2136
1790
2005
2388
2388
2382
2382
2382
2382
2382
2382
2382
2382
2382
2382
2382
1523
2131
2202
866
2317
2317
1360
1360
1013
1012
2057
2226
855
2177
1546
870
1454
865
502
682
741
1947
2228
1470
2108
2481
925
555
1595
1910
2076
2045
1019
1781
1781
1996
2184
817
1846
1415
817
1968
1969
1968
790
2387
2012
1491
1489
1747
1605
1846
395
1325
2079
1143
1682
2333
1217
1783
720
1957
1957
1586
1586
1522
1729
1385
2353
2353
1107
927
1537
2222
1458
2339
1672
2115
1672
1137
1109
1509
737
1495
501
1954
2251
2397
2297
1747
1573
2475
2475
1214
900
1861
541
2354
760
2392
1850
1850
2139
2111
1009
2169
2300
2085
1148
1600
2189
2189
2175
2175
2175
2175
948
2204
2197
2120
1949
2364
2030
2207
1768
1703
2400
2001
2456
1552
1009
1984
1696
1696
1696
2148
1996
1095
1590
1988
2231
902
629
1875
1540
1540
1540
2331
2404
1649
1649
1649
2086
2110
273
1301
841
1753
1617
1768
2191
2222
2263
2263
2144
2171
1996
996
2116
1666
824
2097
1472
2099
1751
1751
1751
2062
960
2321
2285
2285
2095
1275
925
2255
1401
1401
1401
1401
2034
2280
2248
2318
2318
1842
2471
2389
2471
2458
1393
594
1290
2335
2335
2466
2384
2286
129
1379
1379
345
1987
572
2387
743
1960
912
2406
634
1348
1996
1390
925
1717
2052
1374
1374
2438
930
992
1679
443
443
2160
1156
1561
1857
1886
1857
1271
997
1846
1373
846
1394
2257
2257
747
1727
2114
1367
1200
1200
2228
2166
1040
1742
1975
358
1082
2405
110
401
1312
1209
2003
863
863
2050
1623
1585
2181
1492
1905
2023
1455
882
2472
2472
1546
1106
2195
1562
1562
1355
2453
2113
1355
1355
2279
2293
1571
1657
1633
1633
2286
1996
2421
2273
1375
1706
2256
2256
2228
2385
2385
2385
1996
2192
2394
920
1076
841
2323
841
1643
841
1925
937
910
1104
2412
2022
1070
1560
1065
575
1725
2249
2107
1693
907
2279
2279
1353
1113
220
2281
448
1770
1943
1878
1323
2186
2484
1990
1882
2332
1567
2320
1023
2483
548
2075
412
1680
1748
2215
1748
1996
2212
2009
1876
1382
1890
1890
1283
1429
1433
1928
1274
2396
2022
216
2362
1353
1353
1486
1353
1697
1583
1353
2009
2301
1353
1839
2238
1160
1910
2163
1689
1324
2195
1565
742
2471
1656
1662
2420
1864
1996
1383
2320
1738
2056
2314
2184
2026
1822
1822
2195
962
962
744
2096
2096
2092
1921
2206
1921
1921
2437
2260
2260
2347
1580
1511
2061
1206
1206
1206
2409
1327
1206
1550
1206
1206
1206
1206
1206
1206
1504
1206
1885
1175
1792
1792
1067
1131
1854
1762
974
889
2228
2228
2228
2228
2228
2228
2228
2228
2228
2228
2228
2228
2294
2228
2228
2228
2228
2228
2228
2228
2228
2228
2228
2228
2228
2228
2228
2228
2228
2228
2228
2228
2228
2228
2228
2228
2228
2228
2228
2228
2228
2228
2228
2228
2228
2228
2228
2228
2228
2228
2228
2228
2228
2228
2228
2228
2228
2228
2228
2478
1878
1878
2059
730
1662
2445
739
1929
1929
1305
2251
1762
1756
1862
2181
1286
2378
1343
1910
255
1875
1497
2018
1887
2350
1507
1942
1648
1648
2315
1996
609
2106
2165
1847
454
2006
454
1855
2087
706
2467
1661
2319
2319
2324
1932
2440
2440
2440
2440
2356
2356
2194
1907
611
1800
1843
925
2193
2305
1563
1667
1667
1151
1958
1958
1215
1592
1215
1828
1215
1876
2380
2053
1735
2158
708
708
988
1364
1892
1804
1210
1738
1789
1789
2179
1733
925
2463
2463
1963
2422
1926
1926
1926
2373
2373
2450
2450
1977
2393
1677
1509
1381
1381
1381
1542
1442
2402
1800
1800
1800
1800
1666
501
2348
2348
2348
1552
1158
1425
1777
1996
896
719
916
2213
1681
820
820
2252
2445
1825
1032
2202
2459
2459
1999
857
1674
935
720
861
2216
2471
1579
1243
1983
1233
851
896
362
1031
1011
1249
2344
1686
2163
386
1487
2195
2026
1230
1406
2033
2033
2033
2033
2033
2199
354
1575
2132
2132
2292
969
860
1114
2093
2195
1753
695
1647
162
162
2361
1458
941
2211
2251
2422
2043
2043
2007
2007
897
833
1172
2428
655
803
2012
2012
2083
2063
2029
1767
797
1508
1916
683
2330
1567
2372
1193
2226
2121
1474
1458
1125
1218
1487
1134
1112
1273
2118
2368
2349
1057
1935
1674
1335
2363
2377
1818
2434
1979
1959
991
991
1506
1830
1315
1188
2414
1174
1375
1375
1375
2469
2364
944
944
2311
632
1636
1681
1996
1711
983
1165
751
2068
1005
352
1496
1961
2248
2118
2089
726
1019
2061
1853
1853
2192
1961
1785
2032
2032
1482
1692
2403
2272
1904
2371
2162
1945
772
926
405
1719
1719
1813
1037
2076
1269
1604
1865
1604
1604
586
1814
750
1603
1983
1983
2196
1473
1127
1361
2070
2070
2236
1640
1640
2061
1008
2340
1776
1804
1273
2011
1165
1050
873
2274
2181
2181
2181
670
2168
378
989
2238
2238
2238
1905
1203
2346
1203
1596
1549
1549
721
1776
1935
2151
2270
1776
1776
1861
1461
1122
2068
924
2106
1996
2176
704
704
965
1424
1424
1424
2460
1663
2387
1212
1275
2366
2308
2477
1373
2186
2375
1903
1903
2331
2085
1158
2136
1255
1715
1032
2264
878
1594
1782
1575
1179
2126
2410
2410
2047
2312
2158
2158
2269
2269
1917
2127
2127
2118
2037
2162
2101
2128
2195
2233
2101
2101
2101
2101
2101
2101
2101
2101
2248
2248
2294
406
408
2157
2157
2157
2009
2365
2365
427
1841
1944
1944
1920
770
327
1423
2195
2403
2236
1647
1115
2062
1650
2195
1334
2299
2299
2000
1950
1950
2292
1091
1018
1883
2328
1310
2389
1940
1996
214
440
1572
2417
1068
1462
283
1766
1246
525
525
649
2080
2076
2246
1527
1774
593
566
2237
2039
2048
2048
2190
1421
925
1702
1373
1373
1457
1373
2190
270
521
521
393
1002
2387
1551
1551
2231
2231
2316
1311
2155
2338
2338
2338
2338
2338
2338
2166
1898
1582
1522
2195
1824
1993
852
852
1333
1692
1873
2126
1453
2222
527
2145
1838
1838
968
1537
1537
1854
1718
1196
2469
1317
1698
862
2100
2100
1151
1224
842
1582
1072
1195
1614
2236
2281
2482
2482
1363
1363
1933
1018
1823
2154
2321
2186
2277
2167
1491
2205
1364
1430
2106
1873
2195
1430
1534
539
925
1216
2402
1797
2432
96
1061
2392
1242
896
2386
2151
1036
1812
2223
652
1165
1757
1325
1325
1325
1325
1325
1325
1589
2434
1296
1296
631
1449
2266
1615
2327
1705
1989
1737
1234
1169
2342
1017
2295
2295
245
1445
980
2457
765
2071
1344
2118
2203
1403
1403
1845
2364
2164
1504
1498
2196
987
2387
1787
2278
2278
2278
2128
2171
1794
1436
1808
707
653
1772
1873
1873
2426
1230
1406
1230
1230
1263
1807
1166
1183
396
2261
1687
1267
364
1121
1130
1130
1130
1430
1218
1198
1165
2138
2253
1465
1304
2341
2118
2344
1698
871
1917
2355
963
2082
959
2219
877
1567
1737
1737
1268
2368
2029
1936
1806
1151
2468
1501
1445
858
1522
1611
2359
2359
965
2156
2156
1347
1366
2203
1922
744
2019
1326
1964
2442
1577
1851
2183
2460
798
1264
699
2362
1409
2267
2049
592
837
1459
1459
1985
1618
1616
1516
1580
2290
1716
1450
2306
1410
778
2276
1836
1352
1856
2426
2327
2195
1435
2170
181
769
1895
1895
2368
1571
1300
2401
603
1712
1796
1867
2464
2426
1762
1723
1723
1723
2424
2424
331
856
369
1430
1022
1349
1022
2186
2186
2186
2186
2186
2186
2186
2186
2444
1184
2283
2430
1996
1888
1396
981
1941
2038
1226
1961
1986
951
1780
1377
1867
990
1852
676
1659
1817
2159
1681
1984
2104
859
859
1366
1918
1356
914
994
2195
1451
1451
1451
1547
2395
1451
1451
985
2352
1538
1172
1700
1437
611
1150
864
2320
1185
1409
2337
2106
2460
2172
2478
685
1430
2126
2126
2126
2254
1652
1602
1899
2020
1996
1560
1952
1062
1062
254
1762
2232
1996
2328
460
2106
2383
2383
1681
1681
1845
1681
1681
1681
1277
1114
1019
640
1430
1376
501
2036
1148
536
1051
1197
597
621
2027
2062
1388
1409
1520
647
2298
1105
1643
2122
1007
1171
2244
1920
1124
1831
2195
2024
2313
2413
2413
2413
2084
1554
698
2261
1775
818
1409
246
2152
2116
2431
1996
663
827
2075
2075
2433
1332
1141
1348
1761
1690
1541
2188
724
243
1236
2387
1948
2199
2076
2107
2234
2334
2062
1985
1452
1746
1358
2344
959
1061
2479
2479
34
1845
1956
1956
2409
1402
1755
1333
2316
2444
2030
1840
2146
2146
1072
1342
2019
1597
1624
2134
2134
687
2368
1974
1548
2435
1709
2462
2013
2193
1228
1514
1996
365
1434
1576
1508
761
1861
2163
2387
2091
1389
1570
2049
2049
924
914
1809
1612
2209
1701
2374
2446
2284
2284
945
1917
2243
2106
2310
1914
2116
2166
2117
2218
2071
2298
709
2180
2180
1769
1996
888
759
140
2393
1647
2476
1985
2055
2076
1113
1113
1113
2030
844
2352
1980
2061
1554
1979
1141
1141
2195
1405
1536
1910
1912
1583
1575
1962
2122
877
2304
2329
1599
1599
2018
2017
2368
2367
2236
2236
2236
482
836
2480
893
2026
1477
1446
1500
861
1073
1322
1927
2439
1066
1086
2221
1662
1662
1662
1688
925
1349
1625
2471
2054
579
2454
1129
1430
792
1498
173
1365
1592
2200
1172
2021
1172
2115
1570
1784
2471
2116
499
94
2010
2222
1584
1531
1996
1971
594
1378
1378
2468
2026
2170
1032
1740
1740
2465
1303
1303
2150
1430
1654
1406
2372
2372
759
2222
99
2046
1637
1330
1356
1467
1197
771
1752
483
1453
1798
805
699
417
915
1427
2011
2381
2381
2141
2471
2142
2142
1514
1514
607
2307
2226
1394
1654
2454
1677
1707
1707
929
929
1734
1734
899
2177
2195
1441
1607
2195
1035
1735
1178
1178
2325
1532
2313
2313
2393
1652
1645
1258
1571
1939
1905
1362
1924
2195
2077
346
1558
1676
2478
1946
1628
1687
2061
916
2406
1503
1082
1634
2118
1235
1072
1709
1097
1888
2370
1766
1336
781
1735
1913
1136
1470
2389
1710
1985
1985
1430
1430
1430
1430
1691
1430
1735
1430
1430
1430
1430
1821
2247
2291
1032
1736
1210
2399
1868
1849
895
2357
2037
2140
1738
2210
2185
1601
939
1195
1985
1923
2369
2062
2430
2062
2062
2062
2062
2062
2062
2062
2062
833
2022
2022
1720
1416
2291
1146
559
2203
2387
1700
1990
1990
1990
2034
2034
1543
438
1962
1917
1859
712
1861
1772
1772
1024
398
1758
2041
604
2106
2106
2106
2106
2106
2106
2219
2289
1704
888
880
2261
2118
1564
1773
1602
981
1132
981
2197
2176
1138
1996
1264
1601
1601
2222
1931
2159
2159
2195
1453
718
1909
1909
2277
1075
1142
488
2015
1917
2336
2427
1651
1503
2294
2294
2473
733
1568
2185
1182
1799
391
2109
2387
2471
1574
1559
1028
1570
1826
1611
1819
1611
2173
2209
1665
301
1231
2119
1238
2018
2018
2076
1893
2214
1397
1207
1782
1518
1602
1602
1602
234
1996
829
315
1716
1371
971
1997
1997
617
1345
1340
2160
1180
925
2434
2402
1996
925
1474
2374
2390
1575
2361
875
1575
1328
1738
786
2221
2091
2376
2174
2116
2116
2116
2265
1762
2121
1996
2402
752
2226
1665
2087
2329
1553
2066
2271
839
1961
1266
2351
1414
1281
877
847
2398
2336
1553
1295
1097
1252
1571
2212
1996
2368
2452
2368
1453
1571
1655
2387
998
1783
2258
2258
2425
1874
1162
2021
1627
2460
2411
1298
1298
1240
2345
1589
2259
1880
439
2170
1996
1683
845
2452
1186
2309
2305
1805
1805
1619
1315
2346
1358
1358
2460
1361
2441
1396
2460
2470
1312
2419
2419
1327
258
2265
2252
1276
1460
2108
1653
2155
2076
2076
2076
644
1479
2471
2303
1692
815
1678
2195
2073
1242
598
1639
1580
1812
2135
1349
959
609
2209
2407
2225
2195
2195
2195
2221
2195
2195
2195
2195
2245
2245
726
1760
2176
1525
1532
1861
1092
1569
1716
2115
2115
2428
1907
780
780
1728
1610
618
2089
1463
2198
1001
2329
2451
2303
858
1745
832
1571
1571
2210
1117
1829
1658
2243
1581
1222
2429
378
1996
1443
2230
2342
1104
2209
1979
877
2019
1714
972
2072
2183
1996
1006
1738
1736
925
1422
2393
1532
1779
1996
1996
2081
1996
1996
2208
2064
2329
1996
2394
1317
1820
1738
1512
1307
2129
1738
1718
2387
2387
464
1741
1593
2177
2139
2276
1400
975
1475
1219
921
1786
832
1816
2166
2166
1843
696
2460
2114
2461
747
2217
1041
2072
925
925
925
925
2412
1093
925
1447
1447
2025
2412
1432
1985
2153
1860
1257
2240
1502
879
1557
2415
1481
1620
1620
1985
1543
1416
1687
1511
1449
1543
1713
891
958
1919
1844
2316
2108
317
1006
2074
1708
1669
679
1978
1423
1692
2224
2224
2358
1105
733
1535
2220
2305
877
1621
2271
1724
2461
1937
2441
2441
598
1368
467
1229
2091
2451
2118
469
469
535
1972
2471
304
2102
2073
2073
2114
2471
2203
2203
2235
2296
2416
2393
1053
1469
301
1985
351
2053
1422
2415
2460
2471
1892
1892
2471
1167
