872
872
1404
523
523
523
648
348
1083
1083
1083
736
1316
978
375
1316
1316
1202
1014
1316
1316
1316
1632
1632
1606
925
1873
1089
859
1578
760
981
1016
1016
881
478
1668
1827
1459
1428
2094
2094
581
581
814
1754
172
1739
1357
1357
1357
1357
397
1357
691
39
39
39
1408
372
567
93
93
93
93
569
617
1731
402
624
624
1609
1609
1609
295
332
332
577
1832
1832
390
280
280
280
1232
733
1208
1311
26
2058
420
420
420
170
1528
263
1528
823
100
64
1
579
281
281
100
155
1206
982
982
410
448
1398
193
759
938
7
2042
1891
342
1075
357
357
357
1206
268
268
268
268
495
495
495
27
27
27
1644
1644
450
1274
917
195
508
1014
430
2302
981
1030
1394
1339
2002
1201
71
709
1350
633
376
1475
2268
196
1191
1126
590
618
282
583
347
2255
2228
1425
120
1237
1023
1237
1895
623
674
1093
1485
1485
227
227
569
763
763
381
1047
1047
1421
510
505
505
55
55
55
307
307
307
340
507
92
92
178
790
1555
1140
1571
177
1878
703
1292
654
654
654
349
2012
701
244
75
244
866
1025
650
1858
57
1022
1270
1824
1320
1320
181
892
460
680
1103
1010
1089
125
40
1908
578
864
37
118
532
1985
944
1790
1790
1189
167
1160
1922
1759
1046
1834
2133
506
1565
61
1205
630
544
2101
794
1153
866
519
898
269
597
514
1012
590
1012
1012
814
1306
870
766
870
434
204
204
204
204
526
367
1811
711
711
421
421
421
1879
413
599
1310
1264
1802
429
166
817
817
583
1146
1968
528
477
477
1489
1489
108
1489
1489
596
344
344
344
601
555
841
201
1217
259
878
400
501
1157
1480
1480
87
1577
1548
21
417
793
619
202
2285
135
1672
399
310
412
1109
23
737
260
1895
738
1573
1573
1573
1279
2158
1297
900
602
1448
3
1193
496
1850
1088
105
1850
74
0
1009
1660
300
256
198
163
641
786
1213
792
1081
756
1555
1555
415
452
267
267
754
1703
1192
1703
1703
1582
1009
747
1696
494
614
299
61
1095
150
1273
1852
472
629
271
629
1508
311
443
1540
1003
128
1043
1370
1649
1685
234
349
713
1408
1408
197
1768
1060
1187
1476
861
677
59
423
996
81
81
81
81
1032
1104
665
824
1751
187
187
458
1361
1203
591
591
1401
491
386
835
99
1401
86
799
981
919
1763
1763
500
1027
1734
171
171
171
1611
1428
254
206
106
106
1310
1293
147
345
345
2242
549
912
771
912
497
121
1877
141
141
1019
649
859
501
1678
462
443
443
363
65
443
657
590
1762
1857
681
997
457
1166
846
834
1380
1996
545
459
459
459
606
727
937
1040
1040
197
1247
1184
315
110
110
53
110
126
863
863
191
610
702
611
1471
1585
487
961
961
400
427
2147
967
1133
759
1106
1266
925
318
1355
1355
953
461
1145
1737
1556
563
1451
697
2090
504
1271
1181
1181
48
1535
415
1801
1930
550
626
1466
1982
826
826
841
123
841
732
841
542
841
706
687
465
946
451
451
451
451
451
1582
1921
48
48
16
1331
1291
284
220
194
448
68
257
1770
1323
262
1488
163
1882
557
623
838
838
803
1513
525
1223
388
1656
1178
1748
1114
1111
437
1382
1382
29
853
864
428
1283
1283
1283
391
1
1
1
2326
374
1332
1353
1346
1353
1353
309
1353
1353
594
920
442
356
1415
571
795
795
742
742
456
1440
1096
368
919
919
1951
515
1383
775
775
760
1206
1987
1461
119
662
592
621
247
613
435
1201
1897
1921
1299
716
1990
1220
1409
608
602
1147
1227
293
16
796
1206
1206
339
1206
740
1003
231
684
821
31
1206
899
1430
1048
359
1396
647
1114
1131
889
889
584
86
1618
694
1117
458
302
151
1995
188
471
1542
1325
2228
557
1675
436
316
818
115
1204
1308
1973
152
1348
1321
1312
355
1872
232
1900
407
959
2103
1055
2043
164
968
1369
169
2066
643
1657
490
1851
788
249
741
320
1287
6
1154
850
1795
492
373
1526
1853
1476
547
2228
1730
461
730
470
730
730
730
1642
174
1117
741
433
79
320
1286
925
196
859
1343
33
33
1311
1084
322
1782
539
1648
1071
85
1648
489
489
1684
1905
379
109
454
127
706
706
155
283
822
980
2195
1593
886
56
1359
1919
2112
2289
773
1175
404
404
1251
86
160
160
1902
263
1572
757
561
759
77
589
1215
1163
1215
199
848
1876
1670
1670
708
95
690
20
441
441
728
728
1726
810
1035
694
1172
659
607
1026
1899
1926
364
84
698
334
1520
2004
78
981
456
456
111
1364
1211
242
868
1177
1800
1409
936
1520
1337
175
90
925
967
132
834
376
264
428
428
428
428
428
436
820
252
734
1505
1505
925
265
1588
2060
649
720
720
720
720
416
639
2158
705
716
498
950
362
362
362
226
1011
916
984
1249
616
1686
138
138
1254
1387
840
840
51
1572
146
512
1660
1090
144
1291
2076
647
2132
943
839
860
1054
2093
695
462
162
34
102
444
444
444
802
529
1074
1510
986
939
1054
197
758
758
2379
192
455
656
579
1003
2009
723
951
488
1265
297
297
1738
1199
112
112
1871
1591
1125
1125
615
449
1280
1112
913
185
296
796
796
565
1099
1116
1142
1218
1818
1430
1063
1959
784
509
938
991
25
25
787
932
932
620
926
827
1375
944
729
383
1712
524
632
1539
1711
1241
191
751
143
751
287
17
578
54
668
350
693
180
689
137
1734
1416
1126
1126
1476
100
646
585
585
909
1370
471
2118
1945
1110
600
830
392
1523
985
649
981
1156
152
51
1604
210
955
49
381
381
100
12
752
1473
1034
479
1127
192
1365
2070
782
755
1284
235
739
595
1732
887
1273
873
873
805
2222
925
38
1080
41
1373
377
80
154
955
513
638
131
1203
885
545
998
845
192
1626
1776
1776
1776
1020
191
1776
574
574
574
574
574
1771
1771
701
12
704
1272
800
474
1663
254
1454
189
18
1508
1359
100
1108
1108
2186
1699
511
1158
1158
688
854
925
878
878
878
843
878
878
878
129
129
956
1517
509
2281
833
1996
648
1028
722
2014
1197
2044
470
1996
1449
2101
2101
2101
2084
312
825
1205
1021
510
240
899
1773
1038
2248
363
324
2035
1866
1130
235
1905
2254
133
521
764
1749
770
631
66
874
1965
1998
361
1115
158
1750
2
651
651
1464
323
1950
1307
877
2118
947
947
612
531
1242
1940
1715
58
47
6
894
894
894
191
191
525
525
101
266
525
1130
11
1420
294
1391
215
82
2039
104
957
68
1211
1211
806
1373
1078
809
1373
756
270
161
414
199
188
626
1863
1118
1114
1347
214
2227
240
387
804
1069
1230
877
306
2123
455
175
493
493
2069
896
1762
671
102
931
156
527
527
527
527
323
438
1805
1309
389
222
4
427
70
70
884
198
198
198
970
228
783
842
238
1094
215
215
215
107
814
566
1447
786
1244
1463
908
246
1572
2154
485
518
152
1364
1364
481
10
1399
1656
1224
1224
1205
9
755
148
79
79
79
79
79
2139
159
226
764
382
733
278
278
278
223
1405
786
328
952
224
913
1134
1325
113
1117
885
164
573
573
1196
1196
1196
1400
1234
1174
1017
1017
529
776
269
183
1176
40
40
329
765
1019
511
1490
699
326
1403
1870
1129
1019
974
1429
219
987
1107
501
925
1411
1260
1362
949
925
1436
640
375
734
1653
1453
1873
1077
1230
99
969
1230
6
167
535
382
1442
1267
353
49
44
499
19
16
605
540
289
103
2121
2163
453
453
283
686
151
424
750
1419
1910
337
337
337
2111
582
1056
157
210
89
89
89
1078
1151
302
1501
726
980
52
964
753
439
746
12
1629
1446
859
1347
2149
1085
466
928
766
392
1964
828
447
401
798
743
1250
576
1692
217
1608
906
289
759
769
604
1278
1616
1271
660
1119
1358
995
786
2062
778
226
484
213
1242
346
890
1599
149
925
14
14
687
434
1384
813
310
181
181
181
181
181
181
640
1906
1723
1631
1676
560
849
925
13
155
235
1101
241
1022
308
1402
34
237
371
497
1689
642
2078
2186
506
2106
940
1282
1013
463
954
257
1941
569
1695
1695
336
951
951
951
731
676
670
676
676
676
553
735
1984
645
501
859
859
1190
46
625
994
749
325
777
1451
1451
1216
1051
647
985
895
551
257
257
253
611
611
1995
522
205
173
1499
1788
1207
208
501
1100
60
1587
468
1834
731
731
1613
588
69
580
1518
786
250
218
1566
1566
1884
858
184
1722
745
902
1413
1004
1681
142
934
902
419
524
528
419
419
124
124
653
1059
168
287
1051
514
514
1468
2027
1033
936
936
520
647
647
647
647
647
398
1029
1029
1029
1500
1869
1869
1094
1418
1671
2387
408
698
604
1413
1049
658
30
30
97
97
1635
1426
287
663
1155
1372
2075
235
235
333
1348
1641
446
772
144
144
144
144
1262
550
550
1917
666
2077
101
1452
816
1262
1155
792
232
864
1844
2289
2
1701
173
905
864
1333
1333
1294
1087
877
1617
100
1992
999
606
606
1862
697
1597
2087
1924
530
1285
321
248
71
911
680
680
1673
209
1228
365
308
857
1244
538
538
768
1136
2287
748
1314
366
1503
1761
379
435
914
868
335
139
2308
1369
2079
2262
221
104
536
536
1996
1721
1914
1742
352
732
473
903
558
1202
199
1526
1239
857
140
77
1039
648
580
1439
1439
1015
165
1066
87
1991
327
1894
832
1554
815
1141
239
230
28
349
1405
583
554
666
269
269
1107
360
115
1778
942
556
1599
1599
174
2320
622
1182
1622
336
482
385
385
1746
1447
1225
134
117
100
1242
1607
501
176
351
1086
679
426
42
145
322
394
980
980
1117
145
579
579
434
565
767
146
637
1365
1671
327
1172
1026
789
1135
1471
1784
2110
94
45
503
2010
83
83
83
114
222
392
692
2187
1495
641
893
814
1302
275
807
1152
1334
1221
1391
1391
554
1319
558
558
5
418
620
620
968
968
1097
418
771
72
72
72
298
326
326
326
829
754
1861
590
1307
8
568
1500
1446
1242
73
2261
673
772
261
989
1521
1520
1259
744
301
570
1318
726
908
908
908
843
2178
999
812
1144
710
2106
1465
2013
22
2343
35
398
36
1258
749
1524
136
1665
759
1231
272
342
1631
1946
1417
210
424
1568
330
2143
1055
1055
665
1953
700
700
1626
977
343
1766
1395
786
291
291
291
877
190
1922
1671
1058
1671
233
236
452
1049
1430
1370
1430
43
1338
584
203
1430
1032
1032
1024
1210
886
1996
1849
1407
234
1272
370
752
1046
78
1577
1261
559
290
945
921
2062
1764
2062
667
1966
1457
1545
630
1167
773
229
831
1745
3
277
277
1044
801
15
2137
1314
729
1690
331
1513
2031
1494
1035
43
1444
717
1386
590
590
975
715
565
292
786
1758
286
91
1483
1120
212
1412
678
2106
130
756
546
546
2105
2105
836
1438
190
635
981
901
1611
409
378
1138
1138
1052
1329
323
825
1281
2028
341
744
416
1471
1881
1909
384
786
275
1236
601
2071
1358
1043
522
1728
612
1117
423
1478
1407
486
1182
182
587
587
1243
1028
1028
891
1028
1575
1461
1611
275
1446
785
1245
9
173
1724
747
234
1905
430
992
2195
311
779
1594
808
323
431
669
136
338
236
218
1212
501
631
1996
925
165
1340
715
1180
869
392
1819
2030
411
861
861
1915
323
976
1598
543
279
279
786
427
786
786
2155
993
1544
1530
1193
2116
1240
501
1079
12
12
1889
718
1665
1608
1351
973
1867
572
403
225
225
1281
533
661
661
56
2014
756
845
60
1236
1252
155
1646
1960
2368
179
274
724
724
724
211
211
186
877
1874
123
380
979
412
1297
2195
733
313
681
754
1354
992
992
255
679
1194
725
340
1981
818
1810
1810
1280
537
733
206
206
1139
501
50
875
1396
1159
1955
2351
845
1170
349
412
224
1664
1639
825
1021
1747
918
1812
321
1749
1692
283
283
935
349
349
116
207
1678
276
213
123
791
774
1458
1812
1128
636
183
200
1568
1568
1779
1738
1837
2195
1045
32
510
1515
1253
1064
380
380
1059
100
1174
534
776
1092
993
476
1692
2115
1635
166
618
314
959
512
1188
1188
2028
672
672
672
904
501
71
516
1256
1164
1502
1042
179
736
165
418
986
378
305
62
612
1531
922
153
735
1630
384
114
186
186
725
2089
1934
956
475
1288
774
808
1938
1386
445
88
303
1996
1994
1167
1996
1996
1996
1794
683
77
77
98
1390
1175
1175
67
627
822
883
425
425
718
76
913
487
487
487
352
352
432
1523
100
469
391
1467
631
317
1765
966
100
100
100
925
925
435
288
628
346
925
925
807
714
517
864
1123
1123
1033
1530
1341
1167
32
886
877
391
773
1072
351
417
1970
1052
867
1543
1226
880
1170
1093
552
37
562
1815
1432
1861
145
568
568
688
631
621
679
827
1219
1829
1861
109
876
251
877
877
877
540
285
1803
1334
319
688
819
615
285
370
370
24
1229
726
2050
321
122
417
417
1565
197
464
1692
1575
1917
1441
1529
2102
2072
776
1714
1207
791
228
228
1821
63
109
1417
422
1835
32
762
1500
1392
480
