1
2
3
4
5
6
7
8
9
10
11
12
13
14
15
16
17
18
19
20
21
22
23
24
25
26
27
28
29
30
31
32
33
34
35
36
37
38
39
40
41
42
43
44
45
46
47
48
49
50
51
52
53
54
55
56
57
58
59
60
61
62
63
64
65
66
67
68
69
70
71
72
73
74
75
76
77
78
79
80
81
82
83
84
85
86
87
88
89
90
91
92
93
94
95
96
97
98
99
100
101
102
103
104
105
106
107
108
109
110
111
112
113
114
115
116
117
118
119
120
121
122
123
124
125
126
127
128
129
130
131
132
133
134
135
136
137
138
139
140
141
142
143
144
145
146
147
148
149
150
151
152
153
154
155
156
157
158
159
160
161
162
163
164
165
166
167
168
169
170
99
171
172
173
174
83
175
163
176
19
22
31
47
177
178
111
179
180
181
100
180
182
93
94
60
183
58
164
184
185
95
186
187
188
74
189
161
190
77
78
191
71
192
193
167
56
57
194
195
196
197
198
86
199
200
201
161
167
73
202
101
203
204
205
206
89
90
207
208
191
209
210
161
52
211
212
213
167
138
148
179
86
141
86
214
78
215
60
216
217
218
125
219
60
60
94
193
167
161
60
193
167
161
182
220
107
108
221
222
167
161
223
224
182
193
167
161
225
226
177
164
227
228
229
230
231
232
55
72
84
233
234
112
207
235
236
237
238
239
240
241
208
97
242
102
106
132
211
230
233
235
95
225
121
243
213
155
193
244
245
246
247
248
249
101
123
250
151
153
160
202
251
252
253
254
255
256
240
160
184
99
257
68
99
171
258
259
260
199
261
262
263
264
265
266
267
268
269
270
99
271
259
272
195
273
257
274
275
276
277
164
71
151
152
95
278
279
280
82
96
114
120
281
282
283
164
168
270
284
285
286
287
127
288
289
290
291
292
221
293
98
167
143
200
294
160
295
95
296
297
164
162
167
168
298
174
299
300
229
231
241
301
207
238
302
303
304
98
107
139
140
141
142
147
111
305
281
206
89
157
206
306
157
90
206
306
157
167
307
92
249
308
308
182
256
108
193
246
129
133
223
165
309
296
297
185
184
188
171
106
310
311
164
221
244
312
313
314
286
315
316
317
318
319
241
208
160
320
258
259
208
114
134
319
321
322
323
193
324
151
200
325
326
186
327
328
329
317
330
331
204
144
332
333
250
147
334
145
167
335
115
336
156
221
337
338
339
340
314
341
342
343
344
345
126
346
135
347
348
187
349
350
178
126
351
352
282
149
148
234
211
229
230
232
238
239
161
208
280
353
303
336
156
167
156
137
124
354
161
314
127
355
136
356
243
148
210
357
358
322
359
124
360
191
191
361
362
363
287
286
315
161
165
247
364
184
365
366
209
367
368
339
369
168
182
365
280
370
224
371
167
372
142
142
161
373
330
331
333
163
374
373
204
187
351
149
161
375
376
377
378
379
380
211
202
152
381
155
382
179
383
384
385
206
283
180
386
167
387
388
389
166
390
247
336
391
311
392
393
394
395
396
397
398
399
400
240
401
402
403
404
405
406
407
408
409
410
411
412
413
414
415
416
317
417
227
418
419
420
421
167
422
213
283
284
423
424
336
312
425
426
427
428
428
319
428
188
309
429
258
310
311
430
431
432
431
433
299
177
226
434
349
375
435
436
437
438
439
440
441
442
443
444
445
446
447
448
449
450
451
452
453
454
455
456
457
458
459
460
461
462
463
464
465
466
467
468
469
470
471
472
473
474
475
476
477
478
479
480
481
482
483
484
485
486
487
488
386
489
490
491
492
493
494
495
298
300
496
497
498
499
500
501
502
503
504
505
506
386
202
507
508
509
510
511
512
513
514
515
516
242
417
227
517
518
519
393
520
521
473
522
523
524
492
418
525
526
527
528
529
530
531
532
533
185
534
349
535
536
327
244
537
328
428
538
377
365
220
539
310
370
540
541
282
363
287
542
422
332
223
359
543
195
544
545
273
546
547
292
492
548
549
550
551
552
553
554
555
556
557
558
559
560
561
562
563
564
565
471
566
567
568
569
570
571
572
573
574
575
576
577
578
579
580
325
581
582
583
584
585
586
587
588
589
590
591
592
593
594
595
241
233
596
395
301
209
295
597
598
599
348
287
542
226
582
239
229
231
232
234
237
238
600
601
602
603
604
605
606
356
243
607
215
608
609
333
610
611
612
311
330
331
532
342
338
613
343
344
345
614
337
345
422
615
359
616
617
618
619
434
620
621
622
623
624
625
509
626
627
628
629
630
631
511
632
633
634
512
635
636
637
638
516
639
520
401
403
404
406
407
413
414
317
417
242
517
640
641
548
642
643
644
645
646
647
648
649
650
651
652
653
654
655
656
549
657
658
659
660
661
662
663
664
665
477
524
666
492
667
418
525
668
669
670
671
672
234
234
553
234
237
233
235
239
238
327
328
239
673
674
270
373
397
675
398
399
676
242
640
548
549
301
677
596
509
626
627
512
513
421
516
678
417
599
292
679
647
437
519
521
526
680
681
682
649
655
683
684
685
492
667
670
356
686
249
333
687
688
689
690
691
692
693
694
695
696
697
698
699
700
701
702
703
691
255
704
705
705
706
707
708
705
381
295
709
710
711
712
262
713
714
277
269
715
716
717
718
719
720
721
722
723
722
723
295
721
724
725
726
727
728
729
714
730
731
732
276
733
398
329
272
296
297
734
735
736
546
737
738
739
740
390
732
716
741
742
743
744
390
745
425
303
376
334
374
315
746
747
495
290
291
748
291
749
750
751
752
753
754
755
756
757
758
759
760
761
762
763
764
765
293
766
767
768
769
770
560
771
772
773
774
775
776
530
325
764
771
775
777
778
779
780
781
782
783
784
785
786
787
788
789
790
791
792
550
793
794
795
796
797
798
431
300
431
799
431
596
800
801
802
803
804
805
806
422
361
362
308
752
807
808
474
809
810
811
812
813
319
425
374
340
374
374
814
374
374
412
353
430
428
611
815
704
816
817
818
813
819
368
370
561
691
820
570
574
576
821
822
823
824
584
587
590
734
735
825
826
610
827
541
423
434
344
434
344
342
828
434
344
367
613
829
345
614
434
598
355
830
542
375
377
365
377
365
831
832
833
834
373
835
510
414
431
422
366
836
366
836
831
542
837
838
839
410
813
535
840
841
842
398
399
612
412
397
675
609
535
843
582
844
386
845
630
637
808
846
847
848
849
850
851
852
853
854
855
856
384
385
856
857
385
855
856
858
857
859
860
861
862
395
395
863
864
865
757
789
866
867
764
868
869
870
795
871
585
528
872
409
873
874
659
406
875
635
666
645
648
661
431
876
716
877
514
878
879
828
650
756
880
412
881
882
883
884
605
420
813
885
477
886
887
497
888
889
890
891
892
893
894
895
627
512
640
548
655
549
887
896
525
861
740
875
884
605
676
513
897
2458
599
1472
1473
427
2420
2421
519
521
526
1078
1208
901
1067
1070
769
679
1209
1210
904
1211
1212
807
905
1213
647
1214
1215
1216
1217
437
1218
438
1161
439
1219
1220
1221
1131
1222
1223
440
1224
1225
441
1226
906
1227
907
442
1133
1228
1229
908
1230
1231
443
1232
1005
1233
1234
909
910
680
444
1235
445
1236
446
1237
1238
447
911
1239
433
1643
1676
616
497
830
1346
616
1064
1366
1367
1368
1656
906
1133
908
539
1660
1661
912
910
539
904
865
1067
683
539
2013
482
812
492
2056
1428
466
1133
1658
2057
943
1655
2058
1426
1844
1844
1151
1324
1718
2059
764
470
1200
764
470
1200
764
470
1200
2060
1443
805
1444
2061
801
1711
1867
2018
1883
1200
471
472
491
2062
2063
472
476
866
1200
491
633
941
492
988
965
1043
2064
2065
1920
2039
1575
930
986
1248
1249
1150
1353
1363
1364
1365
1883
2066
1331
2067
2068
479
480
1106
1107
2069
1353
1717
1107
1440
2070
2004
2071
1307
816
1440
1449
2072
2073
539
2074
1166
1323
2075
2076
1719
2077
2078
800
2079
1166
1318
1197
1200
539
963
524
1131
1132
1994
747
2080
2081
495
2082
2083
1216
912
1677
1298
1240
550
1398
1807
682
873
1208
1254
1060
1234
1255
1256
1257
1258
1259
1260
1261
579
1205
968
1262
1263
1264
1265
1266
1267
1268
1269
1270
1271
1272
1273
1274
1275
1276
1277
1278
1279
1280
1281
1282
769
1232
1629
1630
499
500
504
503
813
504
1808
503
1808
1393
1809
1810
1059
1355
1356
550
600
753
690
1411
1412
1413
1409
676
944
945
676
512
949
676
950
666
635
525
676
932
953
682
954
631
676
514
674
958
676
676
934
634
963
964
945
934
630
935
936
937
948
982
515
1011
993
638
516
881
987
1083
1002
1011
956
616
672
1110
1124
526
931
995
996
526
1125
1126
1127
1128
1129
1130
931
525
997
998
963
934
635
666
878
650
756
1042
1037
1133
1134
994
1135
1136
872
775
534
534
534
536
619
900
901
902
903
904
905
906
907
908
909
910
911
912
913
914
915
916
816
917
918
919
920
921
922
923
924
541
736
2312
544
736
736
2313
736
2313
2312
1059
752
808
1400
820
1401
1034
1402
1403
1404
1405
1406
1407
1408
1409
1410
793
961
1361
1030
1027
2176
1028
2212
995
1037
1199
947
2427
1460
1818
1822
725
1770
798
1834
587
995
1572
1745
1636
1638
587
1636
1877
570
1878
1879
1548
722
1852
1855
1401
1397
1401
961
585
2121
2030
586
1201
590
1166
1169
941
587
2122
767
1201
866
2063
2098
587
1201
587
1852
580
1728
1873
1151
587
589
583
587
2123
587
1851
2124
1919
1907
1845
1201
1870
586
798
798
1026
1551
2125
848
754
768
774
1573
1574
588
1575
590
1576
1506
1356
1735
1762
1767
590
767
1616
1617
1618
1619
1620
1621
1622
1623
1624
1625
1626
1627
1628
1530
1874
592
1173
1174
1175
666
897
2205
746
819
1476
1413
1486
1284
726
1979
1040
1980
809
704
842
800
1269
1979
2272
1352
1979
1429
2274
615
2275
2412
2276
636
1045
1046
1047
1048
1049
1050
1051
1052
1053
1054
1055
1056
900
1057
901
1058
1059
1060
1061
1062
1063
1064
1065
1066
1067
1068
1069
902
1070
1071
1072
1073
1074
1075
1076
903
1077
830
1078
1166
1446
1316
1317
1447
1137
1325
1448
898
899
817
814
676
639
941
660
676
946
662
676
660
662
676
666
660
676
935
676
928
639
936
637
951
676
644
887
676
639
946
629
676
643
646
654
656
663
935
667
635
668
669
955
676
637
676
674
682
676
959
960
961
872
676
878
883
676
962
676
666
965
676
656
966
676
646
666
1084
981
652
1085
946
967
660
666
674
737
1294
1295
987
672
657
663
897
1008
672
684
980
897
1008
878
946
670
658
1007
957
947
948
1111
1112
984
985
1113
666
970
662
971
672
1207
939
685
961
1296
931
681
963
1007
669
1008
1297
1298
929
935
946
982
956
869
739
1898
1022
2037
1501
2038
1031
940
682
955
1012
1013
962
1014
926
927
928
929
930
896
931
932
933
934
935
936
937
938
939
940
1005
1006
941
1138
1043
957
897
1197
1049
1066
902
684
1377
815
1476
1487
1488
1489
698
1490
1491
842
1492
1492
1920
694
1197
705
1921
705
707
1521
793
703
1846
1922
707
722
1846
1869
1882
707
1923
1521
1526
1521
1924
854
1197
759
1537
1590
976
1521
1039
1847
1925
944
1550
788
1521
793
1926
976
1065
1429
1601
706
1938
1643
1847
1854
1258
708
1168
1562
1400
1928
1868
1846
1925
2436
711
1453
1289
715
731
716
1453
1453
1292
1454
1455
1241
1242
733
1243
1244
1245
1242
1826
961
1835
1459
1460
1461
1242
724
1836
784
1837
1299
1822
1831
727
1750
1738
1742
1744
1838
1040
1839
1840
729
1756
1756
731
1462
1463
1462
1463
1462
1463
1287
1453
1243
2312
1034
1295
1151
861
1749
983
1885
1886
1887
962
1587
1588
1892
1299
1300
1301
1302
1464
1465
1246
1466
744
1466
1467
2272
1154
1158
1301
798
1482
1483
1514
1515
1034
1398
1529
1405
1530
1531
1532
1533
1534
842
1494
1299
1535
1536
1537
1039
854
847
1538
1539
1299
1540
1541
1542
1174
1197
765
1200
1197
1543
782
1544
1232
1545
1299
1546
1547
1548
1549
808
1550
849
960
1299
1551
1023
1020
1021
1299
1552
1553
1554
1555
1556
776
1557
1558
1559
961
1017
1494
1557
1556
1299
1202
792
1299
1172
1202
1893
792
779
780
1299
792
1019
780
1299
792
1547
1594
1202
792
1617
1902
1197
1411
1538
1141
1757
1758
1603
1759
1676
1538
1759
794
791
969
1854
793
1313
793
791
794
1017
1907
1398
1118
1895
1499
1868
1022
1913
1909
1935
1411
860
2269
1853
1874
1613
1172
1562
1563
1314
1352
1298
1410
1429
856
1366
2013
1395
1675
2200
2201
2093
1366
2200
2201
1309
1636
2417
1665
1668
1247
819
902
907
1233
916
1442
918
919
925
2436
1141
1202
1760
1127
1603
1761
1758
1151
969
1151
969
1151
969
1151
969
2040
878
1108
2412
1254
1054
1076
1337
1338
1298
832
2439
834
1264
1283
2149
2150
2151
2152
2153
2154
839
944
842
979
977
1525
2047
1250
1498
2294
1478
1493
1491
1489
1494
1495
848
977
1496
1497
1498
979
1499
1480
1482
1483
854
847
1845
1493
854
1600
1601
1493
1550
1602
851
1478
1500
1487
1501
1502
1503
1504
1505
1506
1507
1508
1509
1510
1484
1511
1446
1510
1599
856
2279
859
858
857
859
858
2280
1903
862
1893
980
1197
1037
1198
995
1199
1198
1078
1200
1201
1017
1202
965
961
1035
1036
1037
1038
1039
1040
1041
988
874
1203
1204
1205
1114
949
988
1137
1206
994
1240
1246
882
1042
883
1106
1107
946
1109
997
935
980
1016
945
1250
1251
1252
1253
1283
891
1284
891
1285
895
1286
1287
1244
1288
1289
1290
895
1291
1292
1293
1079
1352
1353
1354
1049
1376
1644
1226
908
1662
1663
910
1662
1664
1663
1647
1717
1647
1169
1720
1722
1723
1953
2247
1233
918
919
2151
1968
1969
1970
1449
1275
1671
2105
2159
923
924
2091
1975
2091
924
2091
1558
1559
1676
938
942
943
947
948
936
952
956
957
951
968
969
972
973
974
975
976
945
977
978
979
980
981
948
983
984
985
987
988
989
958
990
991
992
993
993
964
994
999
1000
1001
1002
1003
1004
995
954
1009
1010
966
1015
1017
1018
1019
1020
1021
1022
1023
961
1024
1025
1026
1027
1028
1029
1030
1031
1032
1033
1034
966
1044
1138
988
1398
1157
2206
1823
1461
1294
974
1475
1476
1477
1475
1521
1491
979
2130
1506
2173
978
2174
1441
1792
1498
1080
1081
1082
985
2099
2100
991
991
1137
990
989
1137
1524
1137
1137
1137
2215
1139
1140
1141
1142
1143
1144
1145
1146
1147
1148
1149
1114
998
1115
1116
1117
1118
1119
1120
1121
1122
1123
1150
1118
1121
1080
1086
1001
1118
1004
2104
2235
2054
2427
1811
1815
1112
1105
1105
1003
1105
1862
2025
2026
1013
1079
1079
1953
2081
2213
1128
1172
1018
1553
1591
1914
1021
1023
1639
2139
1031
2139
1030
2121
2127
1884
1031
1643
1031
1361
2141
1433
2141
1033
1404
1568
1407
1406
1299
1900
1852
1041
1749
1750
1751
1752
1753
1754
1755
1598
1524
1137
1285
1738
1838
1981
1788
1458
1982
1983
1984
1985
1986
1987
1290
1988
1989
1990
1907
1991
1839
1840
1401
1871
1303
1046
1208
1254
1047
1048
1166
1305
1308
1303
1345
1075
1073
1347
1348
1349
1350
1351
1071
1166
1355
1356
1068
1166
1309
1310
1357
1063
1349
1071
1358
1359
1298
1360
1361
1343
1280
1362
1363
1364
1365
1270
1369
1370
1349
1371
1372
1373
1307
1374
1375
1154
1161
1162
1163
1164
1094
1165
1086
1087
1088
1089
1090
1091
1092
1093
1094
1095
1096
1097
1098
1099
1100
1101
1102
1103
1104
1110
1811
1118
1812
1813
1814
1843
1857
1803
1858
1859
1860
1311
1260
1088
1861
1862
1863
1864
1865
1866
1867
1879
1881
1114
2016
2017
2015
2018
1090
1867
2005
2232
2005
2341
2232
1102
2342
2343
2005
2232
1102
2344
1097
1093
2345
1867
1097
2022
1101
1195
1729
1199
1606
1935
2232
1104
1103
1103
1100
1104
2435
1104
2435
2341
2347
2341
2351
2349
2022
1195
2349
2346
1111
2155
1815
1112
1113
2183
2054
2067
1438
1107
2104
2067
1438
2207
2208
1314
2209
2210
2211
1271
1759
1493
1578
1113
2103
2157
2155
2156
1333
1521
1883
1806
1118
1883
2159
2187
2396
2033
1883
1577
2224
2225
2226
1313
2010
1127
1126
1130
1784
1833
2214
1133
1708
1657
1658
1302
1233
2215
2216
1253
1439
2217
2215
2216
2215
2216
1166
2142
1151
1147
1733
1734
1735
1736
1299
1737
1738
1739
1740
1741
1742
1743
1744
1738
1199
1746
1747
1149
1748
1254
1255
1205
1275
1328
1329
1330
1331
1312
1332
1333
1334
1335
1336
1152
1153
1166
1894
1155
1156
1157
1159
1160
1166
1167
1168
1169
1170
1171
1165
1725
1618
1726
1570
1727
1344
1728
1729
1730
1199
1606
1311
1262
1312
1313
1314
1315
1316
1317
1318
1319
1320
1321
1322
1323
1324
1298
1305
1325
1326
1711
1706
1870
1937
1938
1870
1851
2129
1299
1535
1175
1177
1178
1179
1180
1179
1181
1180
1181
1182
1183
1184
1185
1185
1186
1184
1186
1187
1188
1189
1190
1191
1192
1193
1194
1195
1196
2402
2406
1187
1188
1189
1190
2403
1191
1189
1188
2407
1193
1194
1191
1192
2408
1194
2409
2347
1194
1194
2341
2351
1609
1452
1610
1611
1756
1729
1730
1855
1789
1553
1556
1558
1559
1903
1762
1904
1616
1905
1906
1259
1971
1972
1411
1657
1853
1306
1349
1350
1229
1645
1646
1350
1647
1648
1649
1396
1650
1651
1652
1653
1654
1655
1654
1231
1647
1645
1659
1307
1266
1665
1666
1667
1668
1436
1669
1702
2415
1817
1244
1832
1459
1460
1826
1821
1245
1453
1824
1825
1833
1826
1832
1826
1976
2086
2101
1525
1251
1525
2047
1480
1307
1790
1791
1256
1792
1793
1281
1273
1281
1725
1399
1399
1728
1964
1435
1972
1277
1399
1845
1397
1869
2143
1449
1307
1297
1718
1719
1335
1281
2144
2145
2146
1278
2103
1438
1437
1971
1307
1281
1972
2147
1435
1436
1791
1797
1798
1799
1800
1801
1802
1666
2071
2108
2109
2110
2115
2116
2151
2153
1292
1462
1288
1291
1458
1291
1288
1293
1289
1291
1458
1290
1293
1468
1471
1823
1461
1295
1718
2076
1719
1339
1340
1341
1339
1340
1430
1431
1432
1579
1580
1536
1581
1582
1583
1584
1585
1586
1587
1588
1589
1540
1537
1547
1300
1557
1657
1583
1587
1588
1901
1477
1560
1561
1304
1309
1310
1327
1339
1340
1341
1342
1343
1344
1414
1415
1310
1414
1416
1315
2166
1336
1545
1803
2009
2010
1523
1631
2011
2012
1315
2208
2211
1332
1336
1316
1324
1414
1415
1325
1441
2120
1344
1325
1381
2119
1415
1332
1348
2165
1438
2157
1336
1792
1806
2167
2165
2166
1371
2135
1434
2339
1342
1450
1718
2076
1718
2076
1374
1434
2075
1378
1379
1380
1381
1382
1383
1384
1357
1385
1386
1387
1388
1350
1389
1380
1390
1383
1384
1357
1385
1387
1391
1392
1393
1389
1394
1395
1396
1397
1398
1399
1417
1418
1419
1420
1421
1422
1423
1424
1425
1426
1427
1428
1433
1437
1438
1439
1440
1441
1441
1441
1443
1367
1444
1445
1370
1449
1372
1450
1451
1452
1373
1375
2169
1647
1392
1381
1390
1382
1383
1389
1384
1387
1383
1387
1650
1695
1961
1695
1961
1392
1963
1648
1701
1393
1963
1395
2356
1705
1651
1706
1844
1847
1868
1600
1411
1569
1570
1725
1638
1530
1532
1533
1757
1785
2027
1569
1927
2028
1871
2029
1571
1758
2030
1807
1643
1408
1403
1643
1408
1406
1407
1529
1407
1538
1807
1643
1532
1535
1901
1709
2270
2071
2110
1419
1420
1427
1426
1422
2278
1422
1424
1426
1427
2278
1427
2278
1427
2272
2103
2212
2107
2141
1756
2338
1923
1964
1965
1967
1969
1970
1971
1968
1666
1667
2103
2157
2158
1959
2068
1440
1815
2019
2211
2082
2106
2044
2085
2049
2047
2048
2050
2051
2302
2138
2303
2304
2052
2053
2305
1793
2092
1444
2061
2092
2094
2263
2391
2293
1509
2069
2105
2062
2135
1456
1457
1454
1457
1455
1456
1457
1469
1741
1816
1460
1817
1818
1822
1770
1823
1470
1465
1835
1818
1828
1977
1978
1755
1977
2455
1474
1478
1479
1480
1481
1482
1483
1484
1485
2202
1512
1513
1514
1515
1497
1516
1485
1517
1518
1519
1483
1520
1497
1516
1485
1517
1519
1521
1522
1517
1495
1523
1524
1521
1525
1495
1518
1514
1493
1527
1521
1506
1503
1500
1515
1528
1510
1514
1521
2130
2131
2031
1527
1522
2132
1500
2133
1505
1506
1577
1578
2130
1506
2172
1497
1516
1506
1507
1516
2290
1535
1589
1895
1909
1504
1761
1503
1761
2041
2042
2179
2131
1505
2181
1506
2181
1515
2130
1527
2132
1507
1528
1567
2288
2175
2291
2292
1521
2184
2185
1564
1565
1515
1566
1567
2175
1517
2175
2290
2184
2307
2172
1590
1929
1930
1931
1525
1932
1522
1933
1526
1926
1934
2178
2203
2177
2204
2047
1929
1567
2289
2288
1530
1532
1571
1533
1531
1533
1532
1571
1572
1571
1533
1536
1584
1591
1555
1592
1593
1548
1594
1595
1596
1597
1603
1604
1605
1539
1606
1607
1608
1612
1613
1614
1615
1631
1632
1633
1547
1634
1634
1591
1563
1635
1637
1638
1634
1554
1640
1583
1641
1642
1641
1642
1640
1643
1643
1893
1561
1893
1846
1749
1890
1891
1566
1566
2288
1746
2299
1788
1785
1765
1786
1878
1606
2182
1725
1725
1845
1854
1592
1895
1896
1897
1898
1899
1588
1593
1936
1617
1626
1902
1628
1915
1598
1916
1845
1601
1845
2187
1759
1807
1643
2400
1879
1954
1730
1659
1892
1712
2281
2282
1713
2283
2284
2285
1714
1715
1716
2286
1712
1713
1714
1716
2423
2134
2085
2049
2089
1920
1903
2035
2036
1624
1625
1626
1902
1628
1634
1628
1766
1634
1628
1954
1766
1623
1870
1623
1634
1628
1625
1902
2023
1630
2014
1632
2011
2012
2210
1856
1866
2001
2002
2003
2004
1917
1845
1869
1841
1855
1919
1761
1914
1807
1676
2034
1670
1671
1672
1673
1674
1675
1652
1678
1679
1680
1681
1682
1683
1684
1685
1686
1687
1688
1689
1690
1691
1692
1693
1649
1694
1695
1696
1697
1698
1699
1700
1648
1701
1677
1702
1650
1698
1703
1704
1694
1707
1707
1675
1655
1709
1710
1711
1712
1713
1714
1715
1716
1661
1720
1663
1721
1720
1722
1723
1724
1668
1667
1668
1731
1732
2105
2461
2357
1679
1680
1681
1682
1683
1942
1943
1684
1944
1945
1685
1686
1946
1687
1688
1689
1690
1704
1945
1685
1700
1704
1684
1704
1942
1704
1693
1689
1690
1696
1697
1944
1946
1704
1698
1688
1704
1698
1942
1704
1696
1697
1698
1956
1957
1958
1704
1698
1701
1950
1704
1950
1944
1704
1703
1957
1959
1960
2211
2271
1704
1943
1944
1946
1947
1948
1949
2467
2437
2127
2283
2285
2286
1716
1892
2285
1894
2076
1894
1962
1724
1962
1724
1841
1842
1843
1844
1845
1915
1730
2401
2117
2470
2471
2473
2474
1762
1763
1764
1735
1765
1766
1767
1768
1769
1770
1771
1772
1773
1774
1739
1740
1741
1774
1775
1776
1777
1778
1740
1741
1774
1778
1779
1780
1781
1782
1783
1743
1744
1744
1784
1787
1788
1785
1789
1888
1886
1887
1752
1753
1778
2221
2040
2041
2042
2043
1954
2248
1766
1769
2123
1767
1818
1822
2222
2129
1893
1778
1992
1783
1992
1818
1993
1789
1786
1874
2300
2301
2028
1794
1795
1796
1796
1795
1803
1804
1805
2071
2108
2238
2241
2242
2243
2244
2245
1805
1857
1863
1804
1998
1999
1864
2000
1865
1843
1856
1857
1933
1949
2103
2225
1815
2225
2096
2233
2414
2413
1813
2096
2413
2235
2425
2103
2157
1819
1820
1821
1824
1825
1827
1828
1829
1821
1821
1830
1828
1829
2273
1869
1840
1846
1844
1847
1848
1849
1850
1851
1852
1853
1847
1852
1871
1872
1873
1874
1875
1875
1876
1863
1863
2013
2014
2015
2005
2018
1867
1863
1864
1865
1866
2005
1867
1866
1867
2019
2020
2021
2022
1939
1872
1873
1940
1927
2044
2045
1874
1877
1879
1884
2028
1880
1879
1881
1882
1883
1881
1884
2019
2095
2096
1886
1887
1887
1889
2469
2031
2032
2227
1904
1905
1912
1913
2076
1908
1900
1899
1910
1911
1918
1921
2033
2034
2127
1911
2457
2246
1927
2186
1934
2178
2178
2177
2173
1941
1948
2477
1952
1953
1954
1955
2248
2249
1959
1960
1959
1960
2251
1965
1966
1967
1968
1973
1974
1971
1971
1975
2463
1994
1995
1996
1997
2081
2352
2006
2007
2008
2007
2332
2361
2002
2373
2198
2428
2430
2107
2020
2191
2192
2193
2194
2195
2196
2197
2198
2199
2023
2014
2023
2024
2017
2024
2020
2157
2348
2228
2229
2095
2183
2054
2476
2044
2039
2036
2042
2046
2047
2048
2049
2050
2051
2052
2053
2054
2055
2050
2052
2085
2138
2086
2089
2051
2053
2053
2052
2053
2183
2225
2084
2085
2086
2087
2088
2089
2090
2091
2097
2098
2065
2102
2103
2105
2108
2109
2110
2111
2112
2113
2114
2115
2116
2117
2118
2120
2078
2083
2138
2086
2090
2090
2094
2231
2200
2358
2359
2394
2395
2104
2413
2424
2155
2156
2234
2235
2438
2109
2236
2110
2237
2110
2116
2113
2116
2237
2115
2114
2240
2114
2240
2236
2116
2411
2410
2126
2128
2223
2170
2171
2179
2180
2136
2137
2340
2140
2141
2177
2148
2160
2161
2162
2163
2164
2187
2397
2157
2157
2168
2383
2201
2163
2164
2164
2164
2218
2219
2220
2171
2175
2174
2295
2296
2297
2298
2204
2188
2189
2190
2189
2414
2290
2228
2290
2306
2189
2190
2194
2197
2431
2432
2195
2433
2431
2196
2434
2434
2429
2428
2242
2243
2369
2384
2357
2315
2308
2208
2308
2310
2311
2309
2216
2217
2233
2287
2230
2231
2231
2337
2414
2426
2239
2238
2321
2324
2325
2326
2327
2328
2329
2242
2330
2331
2332
2333
2334
2325
2327
2363
2364
2365
2366
2243
2245
2334
2367
2330
2368
2369
2330
2334
2383
2384
2324
2325
2330
2331
2373
2370
2325
2327
2334
2374
2375
2376
2366
2367
2377
2378
2379
2380
2250
2253
2254
2255
2256
2257
2258
2259
2258
2256
2257
2260
2257
2261
2262
2263
2264
2257
2259
2258
2265
2266
2260
2259
2267
2262
2263
2268
2456
2415
2276
2275
2277
2276
2277
2284
2284
2285
2286
2422
2286
2422
2289
2298
2440
2298
2303
2416
2300
2399
2314
2317
2318
2319
2320
2321
2322
2323
2328
2335
2336
2330
2360
2334
2361
2362
2334
2370
2371
2372
2365
2388
2388
2357
2346
2347
2348
2343
2349
2350
2343
2350
2345
2409
2351
2350
2353
2354
2355
2381
2382
2369
2369
2369
2372
2385
2386
2387
2376
2382
2372
2480
2385
2377
2378
2379
2380
2387
2380
2481
2482
2483
2484
2464
2384
2465
2387
2387
2390
2391
2392
2393
2398
2403
2404
2405
2407
2418
2419
2466
2449
2451
2451
2453
2452
2441
2442
2443
2444
2445
2443
2444
2446
2447
2449
2450
2451
2451
2452
2454
2459
2460
2462
2478
2465
2479
2468
2471
2472
2475
