905
345
1604
1130
190
159
549
474
31
1036
522
814
502
755
390
371
353
789
770
644
352
835
131
1161
723
739
1032
429
1161
2166
1603
594
1018
124
2155
770
1113
461
606
441
1390
720
1131
440
1181
178
596
841
537
1678
241
669
373
277
1027
344
426
0
713
23
962
1523
873
903
801
219
100
711
1992
1220
2309
425
362
635
880
571
1928
423
195
1687
0
248
1046
240
132
606
995
130
155
202
1777
14
2084
2120
166
448
458
119
692
899
318
712
1763
1384
1845
1811
936
58
841
803
287
665
1281
468
974
521
309
990
1481
952
278
514
51
26
434
277
340
861
1350
298
890
280
1570
1551
551
459
1215
2237
820
396
209
1020
1922
755
730
373
1734
828
1923
1009
624
311
1225
168
368
177
111
858
195
423
562
1173
728
2298
166
1352
1356
1524
564
652
17
183
1818
535
1209
1160
699
1257
151
1372
35
916
1198
306
98
621
1216
1067
1030
1927
6
1701
707
816
250
1186
361
95
217
146
1888
1009
355
347
482
528
131
812
1771
589
258
2042
73
383
1150
134
1570
498
264
33
186
1840
749
1144
1001
1022
928
90
1645
289
143
333
1840
438
212
80
271
1423
366
1133
521
1317
660
1680
1879
692
1090
214
106
1019
194
747
698
53
1078
1458
515
155
74
588
136
1649
1043
318
2112
662
695
294
505
797
947
427
473
954
91
221
122
791
251
588
1714
1265
1724
497
36
1279
118
624
2312
1765
564
538
496
924
622
2312
1911
1720
337
332
1798
794
1036
1364
1630
2307
719
246
377
673
273
975
147
650
907
161
572
225
1127
1658
809
1837
152
1358
258
112
32
1065
1214
668
1639
1787
190
118
108
85
1137
393
1402
611
184
1279
631
432
1410
1406
438
1172
120
705
1731
101
235
324
964
1889
557
1181
290
2217
1401
783
1450
841
679
834
889
908
710
27
167
2210
1667
1204
1528
1940
11
1147
1666
517
540
1172
1984
2069
1192
1053
1863
428
332
701
193
808
471
1461
1337
218
93
515
866
1103
538
1166
47
701
506
891
492
1807
1018
785
943
804
590
788
583
1075
161
863
9
61
196
1462
1414
993
302
497
1584
195
443
825
930
86
1570
30
710
344
109
1202
1579
469
1805
1799
638
134
75
809
542
1530
1240
1023
749
443
580
93
477
540
708
436
1293
1705
1598
1978
903
75
1120
117
486
1954
476
1401
86
80
1208
390
1271
341
1362
162
1022
723
453
992
1076
2
1582
180
591
96
993
269
1502
1592
26
1565
1198
2137
137
604
1356
1657
1625
572
1879
122
1775
697
123
4
982
612
693
373
1093
1870
1040
635
179
607
43
722
117
318
146
1319
1282
493
186
1309
1440
1256
469
1362
1117
186
373
954
423
1165
1456
1058
761
369
499
40
1134
737
1759
405
813
100
758
425
357
189
901
418
648
104
1029
941
790
1930
8
977
1668
1067
506
310
484
70
514
757
931
2356
624
106
884
1642
1415
1826
733
450
513
221
1710
508
1614
2024
239
385
511
1319
1356
52
1754
650
84
1762
1641
2085
248
670
1209
99
103
1134
182
20
265
1954
1666
1465
1244
1809
677
2107
1763
268
109
602
164
144
1092
1507
1201
728
557
2116
1564
1592
1615
537
1551
605
277
24
1864
992
718
730
454
901
492
128
1112
764
1138
2008
80
2258
2421
1658
731
180
865
1228
233
1155
1993
1086
692
88
800
1051
2140
952
631
688
218
101
1615
496
159
34
478
1978
1437
77
1634
1048
685
1463
771
768
933
349
1118
29
486
1351
477
309
180
438
218
953
2080
128
550
483
1483
503
294
388
266
281
333
882
1589
132
782
425
376
338
871
664
560
1853
95
19
880
1103
1070
999
527
202
757
476
59
643
335
1131
1176
686
576
1724
127
168
632
573
211
166
1572
1794
683
236
224
280
1911
1794
1530
545
282
847
277
785
144
475
305
87
575
1500
491
1313
1160
99
622
68
1230
41
415
279
1453
1009
123
1903
228
1440
861
327
15
780
593
671
1593
1877
603
965
1684
1239
304
1541
440
372
144
296
765
1298
498
925
125
2052
861
734
45
480
1033
369
876
1965
21
1831
72
285
1646
750
700
1160
951
147
248
975
1221
1815
1438
923
1672
366
1312
1571
1781
791
1760
601
1107
526
526
1448
184
764
1917
1089
1853
906
1120
635
1021
1344
711
461
613
8
637
976
1296
1630
281
1421
367
1404
78
1264
1270
1705
1433
986
409
2133
367
844
105
61
525
1428
1278
799
789
485
1288
592
1397
169
352
973
79
1340
29
693
653
315
173
531
1326
1108
148
1234
419
634
267
414
731
1650
158
46
2018
597
906
584
459
1214
613
436
2095
1373
267
11
778
1949
471
433
1582
1477
128
118
426
260
737
1275
982
55
619
1952
929
1280
289
651
1504
432
150
1312
1081
17
399
1611
1121
613
109
288
1850
1182
359
81
272
88
1136
1120
200
658
703
675
819
358
1350
224
94
776
1197
1033
2406
736
426
602
379
878
251
427
208
1421
308
114
266
64
1832
1119
1790
1858
1535
290
226
860
322
67
1820
1990
198
1222
348
71
1339
11
947
90
99
859
168
993
521
676
1103
180
1537
932
509
1249
922
504
1126
1868
608
1238
724
978
1831
463
430
1671
747
1738
1108
1245
2219
59
1249
107
863
1645
1505
54
431
463
1438
1031
1890
842
463
291
869
2266
1588
243
1129
47
830
1848
681
1412
1035
623
555
621
466
1801
39
2022
736
485
1597
487
430
260
357
1543
185
2323
73
521
1335
196
1827
120
957
176
1542
1329
1218
2095
460
141
1078
1109
1534
785
23
1872
726
313
1248
993
653
803
980
868
42
665
720
1153
1302
1000
924
138
114
1199
304
1075
955
1264
129
1698
779
393
1116
723
104
1594
65
338
160
1830
580
1695
1989
598
127
1441
1486
267
279
1193
594
267
1308
18
791
304
288
1768
717
1481
707
515
713
1642
252
315
472
1412
1960
1377
123
1075
767
1009
1985
1213
73
970
982
830
1153
620
628
579
81
851
1988
107
660
364
796
511
215
33
619
482
229
206
1095
1533
282
613
983
1307
36
1857
632
1696
1254
1086
598
7
652
1108
1015
634
577
260
362
87
1388
592
2118
89
1525
357
185
25
1141
393
904
863
1015
470
237
475
1642
600
1185
436
946
688
1516
556
55
49
1598
606
1141
424
1382
580
1914
552
980
1479
2101
385
319
1179
834
588
860
1495
1454
1336
377
860
5
60
870
234
556
181
388
1735
1420
1608
89
994
793
237
134
150
532
1758
318
429
938
689
122
105
1014
87
840
939
1869
1432
778
622
362
1049
1045
1597
1373
34
2089
2099
796
109
1753
1719
821
351
2002
37
222
956
589
439
1193
1624
244
866
370
1804
25
515
503
1424
1356
1930
1389
326
2354
259
1292
247
1905
1977
243
379
831
637
1118
1219
557
1347
902
1763
189
319
586
913
549
1471
103
837
320
1350
56
118
408
647
649
846
1539
474
126
774
722
1199
1658
1362
1142
305
404
223
242
625
1090
1190
476
1033
758
556
946
1159
435
1593
352
992
580
1461
227
1069
74
1338
17
1640
1953
736
274
1133
571
219
868
168
1075
1683
1220
663
1020
1335
165
886
561
2176
688
120
723
857
1163
1161
446
878
1663
227
303
810
585
1099
322
2321
278
1313
985
387
1192
299
768
335
391
154
482
838
1374
847
20
76
1591
885
279
733
746
1781
1204
1663
905
609
142
588
746
1120
488
675
1346
342
79
313
469
963
37
921
398
889
1030
1060
1243
120
764
233
2158
851
533
136
1516
558
1515
816
290
501
1305
211
996
1990
1893
804
496
674
582
1609
1577
927
395
463
1577
1471
712
547
521
813
1795
1411
1045
941
1863
399
1460
1018
1022
250
2082
747
1453
674
1905
1034
333
772
463
601
896
1475
19
1327
850
343
1413
590
1843
544
1935
788
677
1418
783
544
935
1780
460
893
543
1026
1471
947
1369
1691
189
1294
1078
1956
530
1148
675
949
1364
1528
1388
49
2016
1057
1485
1734
472
222
1880
466
718
591
751
1456
1610
13
764
493
1343
399
1315
1638
440
563
1435
1919
283
732
709
1046
1384
2270
85
624
403
1741
720
182
29
2161
505
903
401
1141
360
1246
312
58
1200
332
1897
165
161
185
694
195
1036
960
204
309
966
135
1710
181
714
321
1618
555
167
1117
738
698
155
652
346
1147
1342
588
404
1052
1847
1277
1138
874
71
2272
1972
1937
626
1626
79
142
229
130
1300
204
1009
547
1717
922
389
902
1266
98
866
1471
1413
197
880
1818
605
848
707
697
733
488
30
660
503
577
575
100
409
1694
518
289
747
1126
1065
370
825
364
1286
78
788
806
2020
917
764
431
31
140
358
320
1506
508
395
2015
314
689
1739
239
335
368
435
287
734
642
550
451
141
541
1807
501
76
380
1610
1491
1252
545
1339
596
480
573
760
335
1570
699
340
1375
510
1200
1500
86
2163
1142
898
1183
965
842
1635
1511
1035
486
251
283
272
702
2074
491
1545
1281
295
1043
1649
405
696
451
1288
457
223
610
457
2078
380
1349
526
979
763
945
7
614
2
16
20
2255
1440
531
1087
77
869
973
677
892
254
1418
408
2011
560
2074
643
436
186
509
2379
979
510
752
205
1491
275
77
686
477
606
79
910
1235
1674
660
834
1960
1239
166
921
544
1295
696
419
1035
517
629
257
334
151
406
841
723
1617
366
389
715
1557
1363
915
842
165
800
986
687
306
1677
99
227
384
359
468
781
68
676
495
1762
175
760
89
863
788
137
2221
176
1490
815
1653
4
256
2167
2307
190
108
1097
196
404
1490
760
535
1551
526
765
1558
338
480
1472
1116
899
258
1597
1689
33
671
37
72
1989
985
2085
426
605
201
2360
158
799
1316
608
231
659
482
1224
99
1268
297
432
77
84
347
861
14
637
466
1063
656
679
1638
474
2129
466
520
1433
131
1733
929
363
1815
514
561
235
616
1755
290
227
2054
284
679
601
942
732
1824
537
918
387
837
1174
1327
2320
164
1607
375
890
1933
100
1063
769
63
928
509
213
448
1037
1120
531
261
811
83
1561
361
975
480
176
659
65
429
1012
1442
988
17
409
1867
15
185
367
731
1011
448
476
1288
1768
1050
110
1724
631
559
27
10
794
793
1933
965
1621
900
62
1395
1935
898
994
950
717
1521
1371
532
785
242
104
1596
764
970
2206
35
1548
892
413
137
943
587
55
762
1876
1970
305
49
1234
386
183
264
376
678
140
968
1151
87
47
1376
586
239
162
1087
201
1064
958
1269
1298
1074
1402
1920
1109
2060
1323
77
2199
221
1232
245
1597
1396
259
684
2041
883
498
723
103
492
1966
914
1326
16
677
109
288
1277
342
333
318
1939
138
954
86
1074
109
1512
49
2118
140
593
2074
1470
253
58
719
2197
1977
568
942
1617
149
509
401
279
1669
166
1964
413
420
658
1496
134
783
2058
131
1840
1672
596
1420
1520
427
866
1412
276
263
639
357
791
428
2228
886
587
506
389
1028
232
1378
659
704
357
186
1632
423
1496
441
1452
907
458
525
515
106
274
805
927
505
744
2
270
214
378
370
786
991
1061
304
526
203
797
289
905
571
471
2329
653
181
1202
758
1499
987
860
588
139
1250
908
116
634
152
733
1939
1060
1297
1827
1041
956
459
31
1739
467
329
1311
328
185
502
988
40
14
318
224
1247
600
1104
1039
995
713
655
824
674
104
1696
520
662
1005
793
1089
27
517
1496
618
405
242
1168
132
1401
496
412
622
1450
1333
121
1490
636
202
181
1508
1619
274
801
2362
1190
634
115
963
1692
721
1169
894
1305
724
740
134
113
1322
588
1259
160
1337
282
747
791
410
691
232
557
976
745
524
1250
602
358
821
255
603
206
346
1550
160
1413
882
1488
501
1036
292
951
684
1976
1042
1567
289
1132
0
1521
1205
422
625
895
1199
1246
1118
367
1439
266
1451
531
416
1806
1348
1354
470
1462
1211
914
1745
1505
2166
660
1395
355
1257
504
39
256
544
425
177
125
689
318
127
2114
873
124
280
2105
1394
718
139
2057
938
305
466
443
1093
464
1545
384
781
179
297
1471
661
1469
845
1217
1535
455
555
771
72
2442
267
302
630
928
182
907
1874
679
822
784
792
310
98
1045
1404
1282
424
510
731
83
1526
455
347
1106
973
515
216
1302
987
194
924
2293
739
186
929
493
277
865
1065
1600
571
1432
384
243
1423
1908
672
682
1070
975
420
612
94
454
1
23
173
37
489
1030
1500
1077
364
1017
725
1736
1153
465
30
39
717
1186
872
1844
32
425
1501
1270
1216
1001
260
1678
336
290
118
407
607
864
249
807
351
117
99
271
715
1017
712
672
1333
333
395
632
352
954
419
10
155
1476
447
1079
1649
901
401
1167
1241
1134
1374
783
742
366
904
1226
45
721
673
894
80
1366
21
234
1056
757
1339
899
414
507
944
30
1798
992
278
1209
2286
1168
188
1302
204
1343
204
1169
152
1557
1734
473
2023
231
2121
382
1047
292
534
152
820
861
1860
1180
694
1663
925
584
79
113
1122
1205
934
2157
1593
359
1416
356
1549
997
1927
545
1197
128
704
183
160
67
552
67
149
478
781
1753
470
1430
1062
742
594
706
151
503
2118
1281
786
800
1003
2240
1322
480
1485
1082
349
2154
1257
318
1252
1438
1297
1497
772
667
95
1353
214
1706
727
265
337
1098
1261
1594
385
1978
983
846
2262
413
446
1107
1936
1325
393
444
780
1260
671
2032
480
82
1219
246
676
323
849
894
1253
1290
14
391
786
1011
154
1681
1002
648
611
587
1551
483
80
1373
726
307
387
1522
719
944
656
1690
72
72
1741
705
1692
472
555
712
2195
1860
705
662
269
2183
1283
869
2071
1088
2174
789
257
1004
490
786
1489
925
1153
1425
675
423
1585
1180
357
620
1549
583
930
157
1835
818
622
1525
363
283
147
2045
133
1014
1177
760
962
925
1352
1208
786
100
1288
2344
1944
1191
411
1674
877
1666
1920
638
673
647
6
140
1631
786
1580
686
410
1007
2228
440
579
2228
1424
215
1593
1662
2033
68
2142
1690
495
1019
1123
1292
1437
908
1114
1649
485
872
238
1171
579
43
276
650
345
786
1716
1132
1239
1254
478
251
383
1392
569
886
553
355
1274
307
1357
1204
1842
589
845
198
2228
1251
439
8
81
1572
467
151
579
1681
789
469
1961
1818
1487
90
1307
1242
1151
38
327
243
92
1273
1342
129
500
2228
1742
1448
1192
686
1407
491
1621
1500
501
540
610
218
1118
687
171
666
619
76
196
147
2195
131
1580
1225
261
154
1357
588
619
201
880
1612
1672
165
104
1917
1973
66
2015
816
1800
485
351
1482
1882
575
525
14
1574
925
304
804
255
1649
1172
255
1316
2228
1725
2207
428
656
1461
1250
142
1672
925
1726
803
1806
1020
1130
336
152
796
1210
295
290
363
1122
83
72
750
1763
1608
1242
274
548
1086
1039
1565
1567
964
720
1261
1601
485
428
770
1161
420
610
895
226
841
466
1352
1620
1336
965
683
126
2195
717
1359
326
820
111
1809
1183
18
1466
784
765
83
1028
756
1712
2289
1088
317
1537
615
399
324
237
549
1505
345
925
1638
58
177
972
1724
2228
477
1430
981
880
2305
789
781
1136
1377
360
1273
1326
1070
2045
437
2264
583
767
1124
1829
1835
1311
1584
219
1920
195
1980
1056
6
841
784
1368
749
1945
641
2101
1070
833
1841
125
606
150
196
1693
287
37
240
533
156
67
81
1409
1541
1842
792
653
344
1053
283
878
559
1353
33
181
476
1139
2195
1167
1581
1316
1637
737
112
1514
396
2058
597
1204
582
249
556
1434
1974
328
1731
1541
1458
983
551
498
0
2108
290
1430
108
1127
2451
108
2172
572
246
368
1041
251
324
238
747
53
536
731
526
1555
531
482
1326
349
606
980
1947
1123
1044
229
611
5
375
658
249
143
950
606
301
427
786
1073
1565
168
2166
780
981
1460
324
981
348
304
1030
1826
630
1236
863
925
662
1754
50
925
866
323
1357
450
503
469
349
38
595
133
1111
146
734
1032
603
353
2118
1082
1297
1509
419
1712
1360
411
596
468
942
637
42
163
906
904
1500
1107
941
1361
393
909
1809
210
181
147
1812
806
1453
53
392
344
1416
1206
1876
39
1825
129
958
671
655
2411
2321
1158
1551
1609
2073
1401
1078
1470
120
0
811
1668
1758
70
1096
672
461
584
1461
890
1258
135
1582
114
631
852
1573
292
816
821
1628
585
353
1211
841
396
631
1758
420
1672
859
580
2134
1206
951
1401
679
1180
763
238
425
69
2177
1016
1273
171
470
364
1373
114
838
1366
1158
75
1843
1062
286
1307
417
879
445
1977
1325
903
1785
1387
396
196
756
715
932
188
148
813
1230
1704
1842
882
283
937
304
1287
124
463
650
959
274
265
786
12
259
1055
959
984
1226
427
120
1
527
1053
334
413
1926
1688
1831
1634
1242
2076
1925
695
1425
391
710
359
503
107
698
900
1776
647
883
412
1812
125
981
1189
1206
2228
328
773
1002
295
880
382
451
2109
87
1357
170
427
1195
663
93
733
93
877
2282
901
630
2178
988
1200
1776
720
501
51
1653
615
687
635
1431
105
1681
880
174
89
2076
151
579
190
1513
1108
1778
1990
61
1733
501
1744
981
773
496
672
1534
981
124
197
181
843
1662
541
1361
245
1996
1179
420
416
295
373
997
621
172
303
1256
484
2062
263
343
579
1523
2007
726
225
481
946
1597
111
901
1227
277
631
712
71
896
946
1272
86
1792
431
427
1415
1523
557
1488
1692
443
1090
1710
20
423
1455
501
84
647
92
289
1388
1807
786
1451
783
369
1125
2228
483
2042
1084
1283
1097
1564
766
315
230
1542
1209
637
1800
1829
45
596
784
218
1418
517
95
1922
2368
82
953
1451
58
399
221
1281
623
180
2228
866
1347
77
73
391
236
1131
520
1022
381
1282
1106
790
14
1511
1164
2233
349
1184
853
57
359
250
166
1917
321
519
2228
459
93
1127
457
933
1615
1401
125
1761
1545
877
1259
885
197
1974
1820
672
1268
92
1820
318
29
8
382
1738
1915
456
598
354
666
1501
309
1669
1093
349
585
1625
662
554
261
1604
1880
122
431
52
251
787
1261
595
565
922
243
437
445
576
557
1917
103
209
493
631
1421
878
2076
778
15
925
1974
551
122
1205
736
1043
1154
359
704
1175
693
171
1359
260
229
722
492
925
264
575
1118
1112
1172
159
1332
1123
364
383
1520
494
925
1381
738
522
1700
509
717
178
1147
647
877
657
2198
1058
318
571
181
128
181
980
501
987
1410
913
1036
1200
939
1136
13
1956
877
100
262
31
2014
1368
1023
218
1743
525
121
1611
1674
2186
708
65
580
738
523
877
1209
2116
816
663
420
1649
938
1119
93
1079
116
1032
787
1902
1914
1464
66
2094
1365
386
179
81
2089
459
465
1647
282
1547
792
245
407
235
1387
816
1000
425
605
408
980
1063
26
741
781
1236
4
1153
1543
1720
1086
462
515
49
844
458
1734
1431
451
275
468
153
156
876
2061
54
400
1626
1355
163
163
1523
1306
371
989
123
1061
1662
1271
888
925
1710
1206
443
676
261
725
254
604
720
122
51
402
863
1430
2289
2132
517
1123
2139
116
1665
281
660
1082
1401
1604
643
8
1682
1822
619
764
197
1617
334
1228
573
165
706
1114
1415
395
1578
1131
1165
877
137
480
499
326
618
1316
572
1165
1873
600
925
325
1751
512
320
1534
223
1170
367
101
1928
2041
1244
1019
718
1072
1392
1278
32
108
921
496
688
771
75
258
752
264
322
1497
1625
206
1112
345
1206
1644
190
173
1107
39
145
145
177
2076
243
1094
2062
1137
1430
400
542
1521
908
1013
1044
1536
732
1985
1944
318
217
903
1506
1325
108
989
1283
787
786
282
589
1596
1209
1894
323
137
434
1200
503
311
323
40
110
822
1773
656
1441
1651
264
93
1903
48
55
2393
827
611
1311
301
1172
697
508
34
1007
1080
1132
1690
1186
363
30
1224
790
752
698
325
44
105
207
321
2338
1584
1767
1026
2111
349
1628
82
1325
650
558
186
240
983
618
197
361
1714
321
807
203
949
1523
1416
421
478
892
226
206
108
321
238
1397
292
1970
1589
1528
1481
1139
707
6
259
1542
1611
391
1081
1409
272
925
748
501
280
136
70
1354
37
578
1143
134
11
837
501
1141
1188
1097
1353
631
1062
83
901
1615
786
877
1996
268
814
383
1633
100
1489
524
87
885
110
470
237
579
179
527
1173
950
44
420
178
52
877
1665
1062
1513
207
798
4
816
1095
323
1174
2313
708
911
1325
256
417
715
428
1274
1357
693
1281
1016
276
595
113
1566
153
1956
146
1647
882
282
1041
1236
981
742
2069
590
573
950
1557
837
93
269
302
1141
864
1184
1746
574
123
1503
1715
254
1923
996
411
1364
1822
847
1302
1341
1413
350
368
1206
79
269
2320
611
854
845
1503
505
815
775
2179
484
7
1306
211
1801
281
899
1346
484
860
1074
877
293
553
552
980
841
1147
1006
39
1978
97
820
907
111
973
1584
549
451
1300
994
1918
501
478
515
210
2036
1364
660
1672
341
821
671
1372
12
181
1676
2195
254
1311
1723
1301
2116
864
875
2151
611
204
908
225
912
925
1764
805
1373
312
420
1571
436
925
1706
152
867
531
479
825
251
61
883
1779
237
317
945
1738
1151
1611
707
2225
26
576
81
1131
2103
2024
1080
751
1439
693
1255
320
309
922
385
163
832
2148
1683
146
906
543
1267
961
2060
924
679
579
720
1448
1593
1649
861
427
469
642
478
568
291
750
100
328
1527
152
341
669
197
1235
220
2128
1105
2393
427
1037
1112
1082
1035
968
871
1264
784
988
178
1874
1274
445
2228
950
533
574
639
274
11
768
1244
93
740
944
1616
578
1662
1035
131
323
447
2114
1265
225
1873
1297
1910
535
1274
61
38
655
1400
92
1267
542
144
964
2297
165
94
101
311
64
61
1228
256
988
79
882
968
514
590
470
64
1070
610
2134
1611
1418
11
501
786
351
32
51
1563
501
1094
968
397
603
114
382
1738
283
265
1373
981
2054
1084
494
191
516
18
483
2057
1873
907
908
10
1496
1837
1037
2261
425
579
1751
210
505
1534
485
1874
968
1715
1248
598
1578
1456
1354
276
1203
1409
299
71
1104
178
1614
842
364
186
2199
649
38
1497
966
1998
834
79
915
598
1227
671
337
401
1273
645
1134
259
687
2228
123
1262
1245
488
763
694
1257
22
1484
157
501
1325
226
776
1563
1217
114
1363
982
742
1116
954
1392
617
190
57
1019
1062
648
1524
565
344
49
458
327
758
262
1160
915
1678
1278
585
1015
506
435
464
1822
236
1096
904
72
1873
493
822
1092
349
451
423
344
1160
750
335
1377
32
538
269
101
2071
2013
93
1374
1252
878
1059
589
1048
1252
2228
32
2058
790
1702
1206
574
1542
1150
1567
980
1734
1206
790
1905
401
35
915
968
938
2195
152
527
775
197
741
621
1086
736
101
707
1838
831
2096
163
384
878
1439
1983
1540
1872
1
1294
693
222
1054
441
1151
877
631
875
642
1242
77
887
2189
931
332
1133
1451
1206
121
1861
1937
698
877
851
461
294
1183
500
1033
250
1486
1485
841
1382
368
832
398
1102
411
220
1641
258
659
1734
1738
1560
1381
4
925
876
60
285
207
2050
595
490
1036
954
139
1580
1248
317
501
1388
152
2308
1406
216
1203
1242
913
77
413
922
1725
968
1311
1231
860
81
327
783
24
676
1062
326
597
1130
1674
1405
441
17
903
1780
349
38
121
1748
908
1264
269
1580
328
34
42
49
1179
1996
1626
1430
269
1008
323
1829
1571
408
104
408
1148
1677
647
27
511
711
981
632
560
46
435
731
115
81
590
1208
1194
1486
783
1333
1276
1008
17
197
1554
1706
889
1601
681
2195
1225
234
1398
733
831
188
594
1316
1333
41
808
165
352
177
449
336
496
224
525
921
178
2116
1172
107
243
1190
638
180
1156
964
1748
1840
2335
536
343
266
14
1316
84
841
64
640
783
2010
1316
1296
786
37
114
837
1268
1686
1151
505
57
1337
1857
1206
112
1862
318
377
262
446
340
264
720
1428
2214
427
1046
672
1268
1566
494
276
38
834
2170
343
808
918
963
505
340
819
185
114
1353
328
1409
1311
472
2055
2229
385
1274
100
1296
1654
79
318
1051
1929
1876
1315
758
999
178
1062
673
340
1428
631
734
2222
1449
2163
302
321
1141
455
1832
1621
870
880
1083
968
274
1796
93
1353
1275
783
1540
506
2133
1439
354
590
1692
1206
1677
299
1286
560
778
1359
37
1751
489
14
647
276
11
197
1082
1328
846
846
42
1489
756
538
1072
1878
996
1842
2195
1503
964
0
1649
1608
79
1058
445
218
451
361
28
145
447
1236
878
1497
351
615
878
1235
428
1103
42
17
1430
618
446
1141
889
1478
136
1358
501
285
559
1316
1240
1996
501
928
1112
218
2348
990
587
1882
323
1273
351
1
876
100
986
477
1208
752
763
304
787
414
733
179
362
206
1098
1199
925
774
786
742
1679
1113
1373
918
1099
93
110
160
1734
1957
720
879
981
752
527
259
783
495
856
455
1236
427
168
110
720
756
1681
1023
897
1230
400
800
488
1930
1527
1974
924
1206
662
168
1653
181
244
1104
726
1702
184
192
989
573
183
1451
1264
450
1307
1084
502
775
363
427
171
2123
1649
753
235
421
866
50
618
181
726
814
1242
1430
1883
2084
679
104
52
1873
110
38
955
1197
102
134
283
579
1773
1762
1083
786
369
1778
67
1763
699
759
1236
237
506
15
865
345
435
367
2129
434
1588
579
232
641
398
74
1100
101
785
440
207
1090
139
1037
524
1059
1032
1354
74
499
1734
1311
780
501
1171
840
416
2460
611
651
621
1105
431
2156
855
1820
1982
2106
1130
933
1493
1208
1271
1430
1134
1561
799
169
1540
611
709
199
790
638
2228
1052
501
431
1996
568
83
1225
1236
166
1609
1112
323
254
6
269
1834
822
293
1413
621
1516
1563
1413
1236
1599
280
