995
2083
1933
2289
2457
757
1586
907
1998
2069
2015
2308
562
1761
748
710
795
2279
1164
758
1807
1546
1528
2046
2433
1940
1870
2332
2131
2382
1800
1475
2406
311
2160
2103
1813
2121
1407
659
1588
2425
2343
1212
1629
1317
1786
1583
1231
2372
666
1737
2315
1258
1453
1487
1518
519
1013
1149
1824
2153
1343
1680
1396
1429
2123
1246
2290
1547
2449
1356
2176
1759
1984
2069
1985
1733
2480
2351
1644
680
2459
1137
1646
1152
2171
2264
932
2405
2155
1987
2427
2395
1175
889
2424
2320
2145
2453
1561
726
1811
1503
2347
2256
1818
1549
1793
1429
1412
2332
1464
1147
1485
1676
719
2144
1914
966
1918
789
473
171
757
1667
890
876
2478
690
2165
1272
1731
1911
1449
2285
1386
2478
2113
2004
1307
2213
2141
939
2002
1677
2030
996
2430
1033
1227
1490
2284
1154
800
665
1588
2276
1796
2430
1100
1747
1365
2323
1693
2292
1573
2433
2389
1244
429
1485
2016
1536
2080
1681
1088
1824
1537
1623
2114
2114
1764
1074
2014
1501
2464
1239
1352
1980
1532
2235
2419
1625
1880
1534
472
854
1527
1229
2049
2110
788
1488
2035
2212
2421
987
1969
2174
2285
2196
1476
1174
1689
1879
1970
1241
1157
630
1133
2296
2119
1923
1074
1845
2064
2155
1774
1386
1434
1904
2117
1348
2135
1173
323
2126
1078
2378
943
1401
1565
2194
1894
2368
1501
325
2222
2132
838
2448
1190
364
1763
1921
2030
287
1889
1896
2064
2337
1364
2423
2364
1821
2049
674
1594
1836
987
768
1380
1759
104
2155
1087
2393
2025
1984
2372
1504
2413
2004
274
1937
1783
2211
2357
1767
1211
2387
2484
1360
670
2371
2227
2407
2446
649
2101
1606
1985
2394
1637
2371
1329
605
1891
1513
2070
1462
2219
1399
2169
231
2128
2089
1322
2331
2107
1958
179
1905
819
169
1156
1728
2345
1418
1727
1878
436
962
420
2443
1542
1214
2205
918
974
1879
1752
904
1515
1558
2343
1591
2152
1706
2443
1573
1028
487
2269
2119
2410
1628
2147
2365
2013
1816
1642
1199
1828
1776
1431
1256
801
1635
494
2227
1754
1970
2376
2226
2326
2329
2395
2130
1846
2436
2343
2303
1689
2273
2245
1201
1668
2338
1582
1454
1259
2384
1796
2430
206
893
1766
2187
1203
2251
2165
2133
994
1383
1212
2209
1571
2420
1404
989
828
1889
1872
1540
807
2316
1576
478
391
1678
2364
994
901
2251
2126
640
1630
1887
1153
1585
1815
1423
2096
1712
622
1262
1776
1435
2196
2020
1455
2007
1668
1464
851
1588
1388
1376
988
1166
2152
2328
738
1929
2372
1639
1467
1935
1767
2399
2477
286
2357
406
1844
2210
1040
1605
1629
1702
2186
1129
2208
495
1809
444
1315
1261
1853
1302
1647
741
2052
2422
890
1711
1700
1387
2078
1892
82
2421
1886
2228
2448
1299
2046
2253
1872
1996
1992
1086
1987
2133
1775
1254
1094
831
2417
1458
1612
2329
1048
1760
1389
773
1504
873
991
1856
858
2290
1375
1679
964
2160
1605
2253
1377
1747
2000
960
1845
2015
993
1453
1760
1971
1180
1656
685
1951
1135
2429
2231
1836
1129
912
1215
1220
2118
604
1780
1346
1326
537
1391
2396
1257
2116
2136
2352
2103
1725
1650
429
769
1938
891
2147
1228
2438
2150
994
2069
2114
2018
2124
2178
846
1612
1340
2009
2432
2284
2049
1323
438
2298
2233
1451
228
2190
1296
2256
2476
2035
2335
584
2051
2228
1754
996
2194
2352
1703
438
2007
2287
1851
2230
1905
831
2336
2029
438
2313
1497
1129
763
1134
2444
1939
1193
1247
2202
2013
2467
2483
804
1645
1564
1706
500
2382
2121
1822
1318
1376
1529
667
1317
1141
1946
1992
2037
161
2282
2453
1930
2015
2112
1371
2074
343
2326
2008
2266
726
1658
1356
1535
2157
1782
2286
1656
2442
1276
2401
1655
2411
1805
1871
2032
2414
633
2147
2183
1647
2269
1432
1701
2056
631
2061
2117
1408
1569
1350
2378
1314
460
658
2386
2084
1233
1861
1914
2333
708
2215
2413
617
1245
917
1741
1701
2401
1404
882
732
1007
2049
1130
1494
2274
520
1724
1493
2111
2214
1912
1738
1780
1280
2055
276
1782
931
1467
2377
1282
2405
1754
1192
942
947
1741
1537
1792
1881
2129
2248
1281
1461
1391
2150
2137
1860
2443
2345
1657
1561
1577
1304
1892
2115
963
1826
2476
2238
2330
2256
568
2426
1640
1607
682
458
1816
1548
1455
1914
2061
1513
2480
1798
2146
1954
1415
2109
1393
1620
2003
892
1370
1721
1988
2152
2358
627
1892
2066
345
1239
1615
844
1029
828
2102
1337
1769
2173
1243
2409
387
2310
2158
827
1927
624
416
2014
2382
1899
2080
2290
1771
1999
1704
1767
1852
1770
1795
2404
420
1683
2344
2117
1973
2233
2471
2251
2306
1164
2270
877
1157
2415
2412
1998
1309
1215
1911
1144
1666
969
766
1345
59
775
1018
2241
2454
359
1570
2023
1717
1939
1924
1664
2310
1958
1689
955
2325
966
1250
377
1672
2480
2445
1933
1005
1261
1501
2361
2159
2082
1214
2378
1062
2106
2433
738
2222
1831
2135
1866
1652
2444
2316
1164
1556
1738
737
2273
1263
1014
1869
802
1000
2071
1297
1501
2065
1990
1824
2092
2312
2314
2082
541
1290
1033
1972
1354
840
2176
2406
1296
1544
1799
1013
1102
1938
2310
700
934
2399
1215
1894
1913
2400
2465
1668
2420
2227
1675
1294
1742
1974
1661
1373
1496
604
2005
2054
856
551
1681
749
2476
1131
251
2212
2372
1743
1852
1347
2265
2162
1160
1892
2465
1591
2444
2451
1289
664
822
2060
1362
2300
313
2179
760
1883
749
1700
2103
1972
1902
2458
2444
1712
777
2256
1655
457
2437
2210
1909
1236
2296
1056
2288
1810
2460
2242
215
1132
1086
1038
2040
1684
2039
482
2320
1015
2469
2215
2477
1229
1490
2224
2239
1449
2268
1496
2369
1671
1742
2374
2251
1970
2271
1688
2269
1603
1485
1214
1041
2218
2459
2350
1007
685
1703
1975
2394
931
2014
1591
1455
2482
2217
1554
1692
2118
2373
2115
780
1862
2261
1885
981
1884
1093
2258
1899
2304
1766
864
1753
1069
1782
939
2290
1895
822
2480
2014
1444
2302
2105
2073
212
1130
2316
2472
1568
1768
2352
2409
2138
1599
1254
2447
1805
1507
1945
1734
1540
2213
1721
2437
1162
1420
1687
2309
1949
2298
1502
1644
2047
2347
189
1268
1782
612
1800
2013
2297
1453
2199
1889
720
2059
1902
444
2450
1942
1716
1062
2096
1067
1816
2042
937
502
2100
2448
971
1569
1969
1492
864
1722
1100
1427
1969
891
2033
1028
1567
1651
2372
1599
2234
673
1556
1019
2417
2276
1951
1650
2165
2117
2388
2265
1728
1740
2134
1193
884
2434
1137
1406
954
1855
2381
2403
1278
1524
1789
2064
2114
1033
2229
1518
1616
346
234
1472
1659
1085
1665
1088
1581
2419
2094
728
1847
2220
1648
1064
1156
1910
1270
1023
927
1244
1586
1331
304
2263
645
2423
2192
2094
2170
1846
1086
1551
490
1956
1037
2051
1181
307
1681
2098
1320
1652
2326
2066
890
2033
2193
1545
2366
1878
1544
1756
1697
2410
990
2044
1208
2464
1999
2227
1457
1237
1183
991
1313
1231
1531
1607
2417
2230
1058
2058
750
1916
2271
1177
1261
713
2213
1870
1978
1378
2107
2399
1578
476
1748
743
1804
1198
430
1282
2183
959
1211
1035
1872
2229
2470
2142
1447
814
1187
1515
1351
1303
1874
1484
1556
2286
2371
2067
426
2121
2216
1502
845
2410
437
964
2281
1037
1175
2263
2226
1502
1893
374
1854
1041
1482
2399
2027
1519
2375
1823
943
2377
358
1836
1942
1949
2347
474
718
2266
1880
1781
2269
605
1462
1789
1936
2051
2390
1944
2050
1294
1906
2035
1192
2369
1914
1035
1167
531
1226
1212
1156
2157
2294
1106
1303
1170
1318
1939
1852
1350
619
847
307
2158
937
1936
2235
2389
1845
1232
1955
1985
2081
2034
2381
1438
1219
1041
2265
2230
1855
2312
1346
746
2375
1975
1472
2014
1363
673
2399
1107
2474
1992
1786
1821
1041
1732
1905
1407
1946
2029
2445
1277
1238
1029
2208
1577
1729
2467
1132
1806
1276
2019
2423
727
1570
1157
2351
1310
1331
2335
1054
2067
2400
1753
954
1753
946
2004
2270
1563
1009
1253
2425
2418
1065
356
1567
1017
2157
1225
1887
1125
1556
1095
2307
1813
1888
1269
1694
2262
844
461
1005
1066
1298
289
2448
661
1919
2105
1880
2390
2317
1108
1038
2275
949
1590
2103
2158
608
1548
2032
2419
1032
1855
650
2038
2024
2389
1923
1869
2081
1028
1993
2093
2021
1352
2028
2072
1641
2421
1850
2477
2215
2048
2461
2021
2247
2292
1711
1987
2077
1856
578
2322
1886
1765
1861
2313
1531
1039
1192
1040
1528
1661
2401
1057
1356
1941
2393
1516
2398
2276
810
2070
1521
881
2265
2383
662
2183
2080
2045
1744
1846
1309
1705
1961
1902
1816
1230
1796
1862
2372
1004
1825
1149
2056
2087
2198
2430
200
2445
2410
2432
1958
1494
1539
2353
1454
2109
1269
1094
2096
1988
1678
1866
721
1742
563
1661
1910
2010
2405
2174
2158
560
2145
2059
2023
1722
2312
1571
2363
740
2257
1306
1468
2051
2482
602
1808
1757
2388
2110
2121
1078
1955
1320
1139
2093
2398
2086
346
1952
270
2329
1733
2089
1032
2315
1905
2385
1526
2108
1972
2468
2224
2235
1554
877
2287
545
1336
1053
1959
2181
2321
733
1591
2325
1610
1644
1585
955
2318
2234
2176
1448
2243
494
2387
393
715
2107
1633
1509
1829
2286
1138
1439
1642
1688
2055
2220
2298
2205
690
1860
2356
1100
1241
2000
2387
1499
1645
870
1639
1021
2405
1928
634
2457
2370
2343
467
1270
1573
1310
1957
2065
1280
1482
1944
1558
1726
2439
1340
2313
875
810
1328
499
1443
1644
2162
1039
2090
1593
1831
2220
562
2115
2221
1217
1011
781
1433
2157
2086
390
2193
2465
1122
1685
1681
2244
2182
2076
2234
1443
1118
1260
1217
1462
339
2133
2358
2203
2464
1593
2451
1930
1836
2282
2431
1753
2245
1358
1031
2419
1988
1630
559
1735
1227
1877
2169
2261
2229
1789
2059
1550
1397
1995
816
2112
1522
2198
679
2101
964
499
2118
918
2012
1713
1444
1103
1765
1225
1535
2021
694
2101
2380
1887
1804
1166
760
2269
1255
2399
1978
753
1691
2387
2192
960
2147
2346
1950
1726
1691
2443
1861
822
1891
1179
2083
2297
901
933
1278
2334
2315
928
2252
2419
2417
1454
2333
1927
2463
1058
569
2193
1562
1744
1870
1340
2296
1028
1509
394
1985
985
1108
2151
2425
1972
2387
2167
2055
2104
2030
2440
1847
1172
1395
334
2070
2080
1782
1231
1009
836
799
2243
2475
571
1951
1245
1400
399
1289
2257
733
2482
1022
1937
1209
1897
947
491
2233
2313
1167
1564
2245
255
1453
2378
1893
1735
2201
1801
1758
1787
1997
1512
2092
2344
1706
353
2212
2244
2014
2055
694
1306
2274
1809
2287
1908
996
1494
2445
1713
1155
1798
863
2106
963
2309
1701
803
2335
1873
607
1250
295
673
1995
712
1694
598
1809
703
1529
1711
1028
2468
696
2326
2405
1939
2255
1149
1425
2166
826
1601
1621
2147
2291
1925
1407
2398
2115
1204
779
1791
1532
2478
1719
2289
1069
2410
1437
1431
2418
2058
2033
1900
931
2046
1401
1626
1457
1763
1812
2369
1808
2076
1943
1645
2058
1657
2323
595
1896
2065
2083
1981
907
1731
1598
2306
2101
1953
1199
1759
437
2288
1629
1985
933
2280
1252
1914
714
1794
1898
1181
907
1786
1780
1659
194
335
2177
2433
2430
2100
1874
1064
2268
1613
2270
1281
2242
1932
1865
1597
2044
727
1170
1974
1731
1872
1267
1102
2298
460
1631
2186
1789
903
1699
1249
2192
1617
2364
1980
2325
521
1409
1998
2433
1167
2446
1474
1229
2462
1320
1798
2323
1683
2113
280
1326
2353
219
2350
1980
1720
1773
1660
2170
2330
2256
2420
1789
624
2383
974
2339
1173
2463
2435
469
2192
2352
1219
2459
732
1461
1326
2294
2454
2352
306
2185
614
1246
1341
422
1742
594
1961
1852
1801
920
2092
1876
1827
1807
2255
1185
2279
2331
2475
504
2143
1714
2298
2373
2116
1974
2321
2083
738
641
416
2081
628
2083
859
855
902
1585
1302
1660
2269
1995
2045
1863
2256
1653
2301
2140
2214
1615
790
2214
719
921
961
2006
2285
1819
2126
2355
520
1394
1292
2325
1293
1452
1530
927
2101
2431
2461
784
1982
1503
917
802
1137
1718
601
2466
2049
1651
1186
1802
552
346
911
2112
959
1923
1932
1791
2479
1165
1442
972
1625
1759
2305
2380
1764
2434
1263
1159
2335
2463
1770
1327
2436
1430
2000
1617
1974
1696
1376
2349
2223
1424
2187
1187
1260
1866
1636
1752
852
2248
2394
2040
1684
1683
1028
2240
366
1371
2375
1294
2019
2158
1486
1011
2100
1882
2273
1446
1557
1859
2054
973
1651
1678
1589
1090
528
1649
1162
556
805
2060
419
1789
2268
2106
2270
2304
2353
1839
1747
658
1032
241
2253
2068
2360
1541
2469
2457
1282
933
1900
2253
1793
2354
1218
1588
1105
1648
1959
1931
1857
2093
1620
398
1440
2369
907
1531
846
1062
1082
1144
1099
2463
2428
1543
624
2241
1828
1822
1159
2092
350
2279
980
2301
2152
2032
1676
1242
479
1391
2038
2048
1515
1700
1766
1687
2183
1862
1495
1532
2355
1561
1327
2362
1632
1111
1461
2403
1820
1802
1244
2350
1846
1793
1808
1552
1828
1952
1892
2102
2344
1061
2438
742
1601
1340
2158
2440
756
1787
887
435
2455
844
1227
2124
2299
1648
2426
2365
2003
726
645
2319
1745
392
1944
1684
1974
1120
2401
680
921
1010
608
2218
1346
1599
1893
2144
2013
1387
1374
1111
786
2473
1071
2010
1155
1505
1921
1545
2440
2154
1617
1206
1499
1739
1972
1606
2319
1945
761
1046
1802
1387
2467
1773
933
1272
998
518
370
2235
1353
1837
1701
2462
793
2191
1676
2242
2288
896
1299
1929
1989
2291
2307
542
1974
2073
1996
1363
1773
1190
597
1306
2466
1679
534
2299
1535
2036
2168
1243
1515
2110
1368
1226
1049
1981
1497
817
198
1327
2028
2481
1772
2441
500
1530
1865
2120
1821
1526
1293
1917
1513
1645
1383
1888
1985
1054
1737
1968
1631
2342
827
871
758
1258
1472
1733
2188
1967
445
2402
2222
2298
2088
2383
2259
1489
2134
1610
2300
997
2122
2314
2381
1801
1701
1638
817
1220
2350
1425
2435
1734
1905
2022
1032
1796
1368
1854
1795
860
2385
2130
1063
1383
1876
190
2090
1244
693
1906
2445
2104
2210
2311
432
2048
631
2228
340
2228
1761
530
2339
1910
2476
1776
1296
1923
1012
1289
1772
1637
2088
1679
2166
2466
2232
1101
1206
1611
2106
2195
1539
2224
2087
463
1734
1922
1607
1616
2228
925
1839
1388
2250
1560
1673
1451
1028
226
2233
1141
1562
1800
1683
2272
2195
2382
1141
1833
1858
1721
2440
2139
1449
912
1683
2471
2156
944
2062
1269
1699
2245
1365
1633
2015
2172
1835
2058
2415
912
2216
2288
1672
1931
731
838
1759
1571
2397
2228
2247
2189
1462
2271
2392
420
2195
1544
2269
2262
1782
1863
1846
2024
2080
2217
2338
2177
2117
1409
2261
2274
1373
917
1338
1873
1294
1484
2228
1548
210
2056
1978
827
1677
1236
2174
2382
1206
2369
1274
1069
2376
2456
1777
2381
2190
2483
1980
832
2426
1390
2117
836
1595
1861
2451
1891
2252
1957
2350
2342
1757
2467
2382
1281
2295
980
1838
2186
925
2058
2190
1735
1967
2228
1708
1208
2330
2467
2471
726
1783
618
1753
1234
2466
1287
1365
2368
1265
1209
572
2062
566
1200
2261
1082
1597
1119
2156
1873
2246
2308
2364
2357
2076
1704
2231
2382
2134
2118
2228
1273
1776
2459
2304
2130
1762
1515
2062
1451
1861
2118
2457
845
1346
2458
2171
2231
1924
1692
2147
2281
2419
2228
2382
1510
1374
1794
1770
1311
1178
2360
1028
1582
1672
1923
611
2145
449
2114
2379
2195
2174
2228
1802
2221
2385
2445
1494
2482
1511
1357
1345
2478
1295
480
1791
2320
2471
1828
1274
2198
2314
1520
1420
720
285
2355
1720
1872
925
1701
2195
1246
1982
2033
1805
1996
2134
1250
2478
2330
577
354
619
2001
1367
2286
1325
2483
2228
2108
2191
1407
2137
835
1813
1992
1794
1430
2270
1765
2295
1284
1873
929
866
2471
1024
2026
2266
1315
2289
1228
1230
1913
1800
1402
1773
211
2101
2093
2382
2219
2237
2170
2183
844
2387
1710
2140
1574
577
1662
2483
820
1681
2186
2269
2208
1703
2123
2013
1970
2201
1875
2088
2251
2313
2214
2330
925
1492
2156
1701
2195
1080
2062
2166
2228
2447
1953
877
1312
907
1732
2474
2056
1540
1483
2230
2150
2118
2195
1858
2173
2222
1107
1665
2419
2101
1761
1582
1392
1364
1975
1067
1430
971
1406
492
2226
2228
851
2218
666
2306
2393
1814
1337
1916
152
2382
1156
2118
927
1845
412
2330
1972
1711
1575
1141
2336
501
1135
1722
2186
2464
1325
1831
1854
1159
2195
2382
2228
2460
1741
1495
1866
2076
501
1287
2258
2207
2262
1571
2163
1055
2150
2376
1062
2470
1535
1541
2271
2228
1454
1219
2228
1453
2389
2033
925
1920
1960
1955
2171
1996
1236
2244
1099
2308
2228
1114
2186
1353
1578
1633
1998
679
2162
1692
2475
2293
1204
2118
941
389
1738
1067
72
2289
1354
679
2276
122
1823
2195
2248
1622
2098
533
2252
311
1503
908
1959
1926
1197
2300
2454
2211
1365
2222
1980
2144
1987
423
2173
2108
2411
1692
1424
2000
986
1905
1565
2118
1850
2335
2471
2305
1397
1733
2471
866
2381
1898
2120
1364
2166
2471
441
2423
2228
2373
485
1996
1208
2101
880
1829
631
1066
2222
1151
1727
858
1386
1546
1173
982
2079
2228
1493
2019
916
2355
1337
1089
2309
631
2127
2030
1481
2100
1450
1837
1642
2195
1113
2228
817
2473
2195
1996
1644
2436
1361
1117
2062
1485
1571
1012
1564
1905
2281
1762
1471
1588
2354
2402
1213
2116
1485
832
1119
1935
1812
2081
861
975
2480
951
762
2132
1843
2466
1628
707
2228
1692
1292
1473
1097
1274
1828
293
1235
1761
1472
2074
1701
1598
2400
2344
2195
2186
623
2375
1987
2305
2231
1798
2228
2195
2262
2228
2104
2009
2144
2125
554
1873
915
721
2482
2464
1708
2228
1831
2248
1805
2186
2116
982
1268
1149
2071
2195
2228
1873
899
2453
684
1989
1537
1799
1996
1827
234
2405
2186
1605
1237
1985
1377
1913
1662
478
1489
846
1397
2167
2382
447
2101
1371
1065
2324
2236
1300
1487
2062
1540
1740
399
667
925
2195
1475
1703
1453
1977
366
2375
2320
1982
1371
1540
792
2228
2319
687
1685
1776
2220
566
2228
2195
2062
2263
2379
644
1467
2186
1701
1532
1807
1451
1692
1431
2367
2403
2207
2151
2116
543
2309
2387
2441
1177
1759
1319
1467
1213
1800
880
1795
2082
1636
2335
2207
726
1588
1200
1639
1409
1117
2465
2012
2074
1751
1264
2292
2269
2260
1476
1295
1144
819
1914
655
815
1990
2226
2425
1571
1509
2376
2457
1271
2371
1885
2428
1088
2289
1689
915
2178
673
2352
2387
1142
1991
474
1938
1235
1423
2069
1653
380
1175
2445
2228
2261
2471
2414
1873
2057
1938
1079
1923
2299
890
1459
2179
2381
1325
1772
2471
541
349
2356
2239
1623
1603
1882
1377
1969
2483
2101
2021
801
2338
1920
1580
2436
2382
1593
1425
545
1703
1767
1151
2059
2228
2001
818
2309
1912
850
1045
1238
1151
1151
1681
855
1430
2387
2289
2115
1647
2108
1825
1892
2093
1674
291
2033
1996
2106
1627
1151
1284
2165
741
1828
2368
1776
1430
2228
126
1814
2062
2391
2033
1680
1690
1750
1826
538
1603
2086
1649
2036
2228
1672
1103
1529
1773
1597
1863
2304
1734
1689
968
1008
1211
2244
2150
2212
1905
2349
1587
1865
1133
1339
1917
1734
1889
1592
1983
2032
966
1429
1486
1297
1649
2142
1575
1957
2477
2471
1878
1570
925
2382
1033
1850
1895
2471
2443
1402
1996
2130
2439
2017
1374
2165
2203
1128
786
2387
1224
1164
2385
2335
2055
2471
2076
1543
859
2425
615
1515
360
2484
2425
650
2446
2169
909
2285
981
1388
2167
2364
1114
2228
1773
2033
1800
1542
2480
2292
2482
1440
1482
1545
1958
574
792
207
2226
2122
2112
2382
2333
1655
744
2187
1421
2228
2190
1903
1338
2115
786
2222
1774
1954
2160
912
1208
2328
996
1126
1573
1099
2175
2228
1236
744
1062
927
1990
1930
298
1514
964
788
1430
2350
2425
1824
815
1672
2132
1358
2132
2471
832
1430
1273
2382
892
1902
2228
958
2062
1996
2435
1090
1308
1079
297
1681
1131
1325
1981
213
2009
2101
1554
2364
2140
1156
1667
1491
741
2121
1943
1148
1197
790
1731
1394
1307
1917
2228
1649
1878
2253
1373
2387
1689
2457
2469
1236
1793
2262
2299
1967
1554
1430
602
2077
1846
541
1659
2409
2071
1384
2228
703
1800
2370
1307
1727
2195
2401
2475
406
2298
2228
2435
2301
2341
2248
1649
2269
2228
1821
1148
2181
1497
1372
1611
1244
968
2258
2222
1619
577
2347
2236
1487
1073
1903
2228
2197
1634
1694
2129
2068
843
1996
1952
1353
1746
1278
2338
2102
1221
2382
2101
2118
2482
1657
2351
1256
2418
1316
1975
1734
2134
1753
1961
1822
1206
1127
2302
1861
1475
2406
1587
665
2189
2052
2094
403
867
2057
1878
1917
641
2393
2195
1373
1093
1694
1206
2396
1618
1792
1872
1970
1667
2331
1988
1077
1604
1297
910
1447
2118
1368
748
1776
1651
2396
2203
1170
1691
2228
2313
1706
2299
1016
1795
2455
1913
1151
32
1910
1989
2248
2076
1905
1991
462
1242
2187
2111
2374
2228
2161
2228
1818
2317
1547
2000
2383
1000
866
576
1415
2042
860
2068
1903
2188
1846
1001
1966
2195
1318
2471
1926
2142
1083
266
2398
2471
1569
1968
2134
2118
1945
1710
1842
1573
2008
998
2085
1621
2344
1244
1409
1321
1996
2195
2195
771
2392
1948
2290
2049
2040
2077
1367
1384
2391
1489
1996
2386
724
2335
2101
1571
1667
2228
1694
2393
1306
2108
1971
1917
1643
2086
2386
953
1800
1373
2387
2392
1601
1358
1925
1982
1542
925
712
1863
2003
2424
1193
1284
2125
2445
1060
1462
1453
2228
2478
1236
2222
1376
2195
2360
2228
1045
2303
1497
1193
2397
1824
1635
1965
1469
2427
962
2056
1402
2076
1585
1151
1882
1287
2160
1823
2471
2387
1357
2061
672
866
2228
2471
1722
2340
1771
2271
1733
2243
548
2293
2195
1414
834
1601
1902
573
2341
1682
1273
1996
1902
1007
1152
877
1996
1609
2165
1572
722
1358
1633
676
1052
2132
1527
1776
1023
2086
2139
2118
2118
1223
1068
125
2471
2347
2383
2228
1213
2373
925
1706
1229
1372
1023
2320
631
1414
1453
2229
2186
1892
94
1052
645
1959
1289
2126
1798
1117
2382
925
1082
1705
1854
2196
2128
1272
1302
2034
2039
1967
1546
2228
536
982
922
1384
800
1688
1268
2010
1316
1409
1009
1308
2387
531
2129
2134
1205
2228
1311
1788
171
847
2195
2116
1996
2335
2216
1861
2139
938
1861
975
851
2017
1983
2394
1325
1219
1048
673
1063
1631
948
2228
941
1925
2214
2271
2101
1661
2228
1758
2207
840
2171
1800
1599
1329
1106
843
981
1486
1654
1601
2379
1483
1925
1644
2264
549
2008
1316
925
2397
2465
1649
2067
2222
1816
2050
907
2078
740
524
2458
2258
1790
1484
1608
550
2061
1004
2228
1738
1985
2471
1217
2018
1200
2451
1421
676
1032
1926
1902
351
1772
1002
2284
1694
1226
1687
924
2484
1307
2115
1130
1109
2228
2176
1788
2117
2271
1681
1996
1506
2107
1695
589
2286
2297
1824
1706
1392
1405
2073
1996
1337
2186
1993
2209
315
1441
1857
2203
2126
1206
1273
2467
1714
2183
1541
781
1796
1343
2133
1165
2474
1996
1312
2055
1023
1585
2382
1615
2228
1808
2166
1377
1036
720
1252
2101
2076
1006
1388
1755
2408
2228
2154
2407
2195
915
1813
1905
2302
2195
2289
1547
1996
1675
1996
968
579
2183
2099
679
1173
2482
1873
925
1644
1040
1601
1599
2118
2106
1405
2288
1763
1888
1665
1671
2337
1764
2122
1268
1917
1831
1670
1072
1200
1107
2101
2089
2471
2040
2001
1692
617
2195
1966
2419
754
1977
1850
1132
1687
1961
2231
1446
1630
1174
1236
2218
2389
2195
2473
1357
1325
2283
1637
323
832
1230
2365
2471
1910
967
2228
611
2236
1561
2346
669
2443
2186
1540
1562
2116
1663
2064
1972
2054
2195
1286
2236
1461
1840
2146
588
790
1066
2397
687
2368
1766
382
174
1430
1446
991
1863
2025
2150
1199
1692
2108
924
541
2117
2057
2374
2313
2200
2338
1918
1905
2221
446
2362
2425
1994
2094
1191
2030
2271
136
2108
1879
983
968
2186
997
2228
1801
1016
2226
1316
2081
2471
2108
2354
2275
1965
1572
2229
2058
2228
2374
750
656
2459
291
1552
2382
1373
2333
2367
2228
2064
1874
1683
1506
1850
1218
2271
2402
2076
588
1966
1556
1814
2148
2465
611
2415
1974
1580
2471
1333
2195
2349
864
2186
2425
2094
966
344
1982
2400
1366
2262
2148
2094
2342
648
2026
1276
2228
1302
981
1996
1511
2389
1934
1366
1354
2159
1594
1647
1549
1761
2228
1310
1311
1593
2228
1724
2243
1200
598
1146
2233
841
1599
1272
2284
1554
522
1206
1206
1878
1748
1373
2382
1649
1430
1738
1776
2186
2203
1852
1123
2062
2118
171
2222
2456
1252
2228
1533
2298
918
980
2389
885
566
1706
888
2366
632
2118
2127
2462
2024
1430
1661
1734
1584
1328
1218
2387
2291
2101
2195
883
2186
1491
1165
2013
1550
2285
2262
1905
2355
2055
2228
2228
731
1108
1995
1584
2233
1463
2390
912
887
1850
1612
1593
1773
162
989
1941
2475
2464
1978
1206
2228
1863
2030
2366
2236
64
2186
2342
2418
1612
1052
2228
1166
1946
1703
1917
1446
2095
1590
2484
2186
1100
2387
2159
1778
302
2275
2085
2407
2416
1824
1451
1106
1899
2228
1182
2233
1959
1656
1750
2063
585
1316
1237
2040
1794
2111
1882
1092
2157
1807
2261
1638
1573
222
1883
2459
2116
1359
1543
2062
1479
1883
1208
1618
1345
1738
2161
1687
2328
1985
420
2440
2224
541
1315
1836
1850
759
2228
925
2111
2166
1565
1956
2228
1359
1026
2192
730
2133
2101
1824
621
1283
2471
1482
2142
1405
1065
2076
1015
1585
1430
2389
2482
1322
1551
2076
1112
1143
349
2465
2286
2412
1888
2253
878
2009
2040
1929
2242
1996
626
2101
1506
2393
1197
1151
2097
1672
1853
1114
1886
1809
1585
1208
1604
1235
768
2098
1445
1979
1761
2237
2271
2289
1692
2400
2465
2214
1735
2146
1762
2482
1242
2228
2281
918
2158
1114
2418
1350
2375
676
1114
1142
451
2236
571
916
1082
1569
1413
1237
477
2282
1832
1365
2387
1761
1761
888
1696
1725
2228
2289
2347
1147
1609
2370
485
2418
2422
1874
1578
1277
1191
2116
2222
2013
1964
1873
2228
1601
2202
1996
1946
699
2333
1520
1993
2064
918
1971
461
1996
1355
1245
1463
1151
2209
1582
2471
651
2231
2471
2157
1723
1197
540
774
2186
2189
925
2295
1208
1334
1614
2228
1396
1272
1383
1630
2139
1743
2195
806
2387
2393
1032
1325
2452
1490
1774
1765
2106
1156
2368
2063
2346
1338
1267
1571
1625
1397
1615
1827
2228
1691
2390
2471
2355
496
2292
1630
2228
2290
2114
1133
2382
1621
2192
2299
2186
357
1979
1711
787
2160
720
2207
2387
2387
1230
1917
1297
2419
1016
1580
1762
851
2374
171
2118
818
1373
1065
2194
349
2045
2436
1343
1402
2186
2356
2205
1850
1540
2060
2453
1341
2195
2403
2228
2313
1206
1985
2228
339
1996
2101
1663
1219
1287
1260
2012
2228
1556
1244
1565
1665
1396
1940
1662
1884
2462
1268
2236
1572
817
566
1353
1430
2407
1567
2201
1292
2118
2007
2229
1631
2084
1584
1971
1281
2460
2460
1652
2287
2228
1914
1995
1206
174
1097
2396
2228
1236
1298
1800
1754
1273
1594
2238
1873
2157
778
1203
1236
1572
1328
2181
1778
1497
2160
1142
2116
2299
1776
1869
2228
1575
2228
2228
1958
925
1117
1743
1316
742
2228
2482
2134
783
2242
720
617
496
2382
1025
2261
1503
1703
1861
2101
839
2186
2237
2195
2076
976
1686
1599
2243
2036
1108
1567
2118
2093
2062
2462
2236
1139
2128
451
1678
2173
2175
2000
1599
682
2186
1508
1724
2418
2393
1710
800
1382
1430
1130
254
1248
823
2468
2067
1781
1586
2183
2382
2189
1002
501
2299
355
1080
1562
1692
907
1992
863
2205
2202
1886
2062
1095
1876
2195
2412
2248
1009
1329
2287
1117
1999
2007
1532
2428
2181
2248
2194
501
1773
1609
786
1917
1923
2106
2163
2370
2195
1131
456
2424
1681
1290
1178
1771
1363
2228
536
2118
2367
2209
1248
1782
1237
1861
1593
2466
1605
2133
1692
1751
731
2173
1754
2471
2291
2261
2224
1863
2101
1602
2228
1994
1850
1861
1773
631
1679
2290
1656
414
1571
1590
2254
1170
1771
733
2231
1500
124
1514
2387
2161
1747
2139
1373
2460
1734
1782
2228
1571
611
2471
1360
2062
2118
2195
2322
1854
1923
